2244637572,245664490
1975073682,630699808
1344357230,1879818057
456145102,4632210368
296853758,1646827557
618691479,5360207195
1148585183,5271602946
1654348822,245671330
245665048,5242233612
245656106,1367093074
5467677855,5477703684
471581476,3708878487
245672811,245662849
619177715,5494564055
2216353055,5164721024
867276657,5426032043
1934779744,1366028025
245655632,2247863069
1179105094,1375482778
619199665,245657404
1179191719,1903627624
1366097814,1642951818
2246471647,2249268448
4674411503,2249326291
615517922,621966590
619355203,245661537
610902235,1936627899
2247988585,4760409747
1233481311,245659269
1184075139,866758918
1145116881,864905238
2155937889,2246662232
1650707708,2237116235
1648244760,1647285811
5358180731,2446215585
2892843855,2622177427
1179340214,619305015
349131637,769028517
1375252015,245670002
867003244,1643352083
620010663,768595331
4415746717,4307187699
619375172,2244962130
297109676,2258304556
2399106332,1640619933
1366901143,1342463715
245671434,1366987045
2176144781,4352228597
1351234062,1366956120
1366900352,618702188
1647747134,459533115
1184498924,2248801944
3797889413,2245075546
296354499,884244625
245657186,2246472608
1643264228,2246472002
3624761284,2237116257
2244962006,245660998
1367093006,2233871030
768595339,2897022092
1650694470,2249326350
486415756,4352245947
2249268527,2568065861
1366986959,2237026580
620382329,2245075856
2244784093,1648244771
588597485,2237026288
2233648873,1389428546
1288965354,5488342596
245656621,4366029741
1966835485,1665625040
2233648780,245660753
347193270,2250251317
1642951780,245654920
1165372446,2623469267
1936355546,2249326316
471043386,1177118668
477246190,2804500720
2246661739,2128601557
245669145,4637997496
1367092639,1366028002
2299255900,4342421092
1185552512,2688409928
1879817534,1165370249
2966389867,667392420
2250825511,245657350
245662349,1650385411
1366938244,245660207
2221979701,2244962276
296852598,2258304420
2244632931,5477703668
618653295,2439495339
621284912,245660715
2244637709,1936580398
1236410115,245656815
3797888985,4357265401
2216353363,2077290158
1174192826,3797889284
297109701,3878492892
2295481165,2192596437
471901638,3736922384
245660448,1344712162
2399105035,1647163179
347178928,623881674
245682001,2216353367
245659904,245656327
536726910,4759328766
5424367541,245661552
456176922,1287692155
347176144,1343000026
4369027556,4307239150
347115649,2568765981
2236680139,1366901213
2715412062,769028533
4264781642,245659396
471941465,2892843867
245655327,467128971
1184132290,1936499566
867003273,2245075567
2892843887,245669231
4637997495,245659182
4364516922,630296541
1879817528,1287841791
348132436,619319576
347169735,3803645824
1919837785,245655368
3708879264,245657555
3598132997,296354499
3793874742,2237026283
1179089899,1169481166
245656612,4519288172
245656076,5477703692
3878492898,3125354401
2629418501,2244961524
1966835479,245663894
245655821,245668185
1646854062,5494560187
245671141,2248799454
4791543691,245669842
2246661890,2258304453
1643351837,482244198
2249163437,2216091711
4362415512,2177958610
2236679291,1642954378
1366900820,623040200
2249268623,4366151354
4844636221,4342420900
2242610389,2131949246
346646629,622060872
2897024537,245658585
2715412035,2892843866
245657170,2237026531
349416515,2295481169
1936499564,3235946451
2382053306,1179340217
618691476,2249268451
349131630,245663008
1176703275,1936580388
619193782,347112674
4759328751,623038356
2216352617,866758855
1035231758,2442510066
245667585,459555028
2244797516,245657229
2544932066,4625570708
619227584,1879817815
1646746610,2244783745
622042585,2248802581
477246188,1650694512
245682072,3803783786
2442514348,245661204
2258304502,536771756
1048833150,245660895
5326634381,3215378776
1366900388,619199673
866769275,1366857014
3215378777,2246662507
2236679355,2216353345
5360207210,2246961199
245661450,867010445
245657173,2249326388
1366900806,347176816
471972442,3708879260
1232644991,245658867
2233648899,2569297792
1936355587,1345329159
482333173,2233871076
1936355524,528926043
2715412100,2250825440
245659301,1388374456
2248800112,4342420554
4328170386,1201341738
3708879389,704252562
2622177359,245660665
2715412021,1665625040
1388374430,1879817387
1158428329,866738789
5477703694,245656608
296853807,4328174189
2250992725,2947780250
2966389525,1647286511
1640769705,668685369
1919837967,1375215787
245655587,3736927234
668699201,4364457154
1165370203,459045198
245658040,610944372
245667573,866807203
2847393870,2715412062
296857787,471570103
1936499726,3632540095
245660665,3245675982
245656863,5488342588
245656859,3125300841
1913853860,245671529
245664970,861128029
5358214522,5332431178
3708878494,1248157165
1646746610,245656374
1936499559,1366794918
2237026116,245657744
2715411930,2440086044
867003273,245659225
5354454742,1142182236
1344777934,1182558488
2379782617,245666881
460941444,245657654
471901638,2246472121
4515109894,4233545103
1960732284,4369027369
1936355556,985136380
4364584586,1142182272
2622177348,2264152085
346604262,2244961564
3793874871,1906828990
1966835468,2248801776
245656377,2246473232
5456498950,536808589
5330552414,1185560554
245664769,2248802775
1645886321,1936499640
245659639,2246472606
489793165,2249268454
346614371,245656090
2146269440,582564518
245660333,2244962370
245667882,245657613
2647295201,618791900
245655355,297109665
1287692257,3708879370
245669904,2244633051
1392429336,3878413297
810133862,2804500715
1644085192,4368992348
630288887,482333179
867002794,3708865598
1366900684,296294473
245660691,3803645423
245661234,2439477088
1934779744,245655710
245659857,1366900665
245661425,2258304558
985167400,245660062
456215961,1879817390
245655207,2216533897
245657531,3803783521
245662630,245657562
2258304298,2249268436
245671434,4342114760
245655290,2237026753
1644098758,1879817469
1343002718,2246471991
1960732258,4342420494
1879817661,2933873305
3981439661,1375264916
245656919,1936627971
4200855426,1936355497
2244633030,245661350
3212163849,2299255927
245659170,1640273643
631537705,5477703684
590671184,459139330
245657631,4632210496
1975073674,2715412107
2244961851,3792771366
296857834,3226348358
245680831,529918718
2264152102,4307040464
1640972956,4352428923
2216534648,2629741733
619309790,1645886370
1647344918,1879817422
296362028,1879818017
2804444332,619227585
2399395039,2249268664
1651875579,245668207
2250795758,4264598307
296851096,631494021
618684324,245661402
2233649468,923872557
2176215935,245666711
2804392256,1934768210
631497219,245662006
1936295730,2237026256
2629418498,1179088379
2804441154,1366794648
867002805,630678284
590605944,866738757
4307239163,618779229
631494007,2244961857
2249268623,2224326642
1665625040,4264598326
619199685,1651338545
985167400,1586948211
1643031073,245656675
3217559375,3803645881
245657263,245658258
621287605,2216056869
2248801114,1647747116
4294951715,5345382074
2216533683,2237026331
2440086044,867002873
2804574479,245661126
610923245,1035231788
2804520146,2264152071
245660167,2715411959
245656692,1375482723
2178293604,1936627907
2244961892,2804500713
1936627977,1879817423
866835091,5346620513
3732552538,245657747
347112681,2246661151
1879817634,5330411160
4367601307,2322144590
245655370,1388374423
344582458,621287160
4233563028,245661694
3981439771,245656497
1448148401,618653294
1375251723,3132180484
4335012910,866807399
493930528,2439202903
2233648950,1665624976
619177718,1158426833
245655903,1489511156
4235039224,2399395035
245682165,2233871079
610908568,1179191728
2245058920,245668049
2804467057,2715411957
3803783479,4233514251
3803075024,1386573946
2715412097,4696880223
1936355556,3708879374
768600702,357798628
1366900730,2248799464
5372158161,245661891
1288965321,3708879410
2216352701,458848886
245677005,1366009159
245656694,2248800580
1646746622,1646750863
1647747259,2248801928
2442510072,1650385391
864905337,1388374451
245657936,2380846331
3708879246,1142182285
4342420585,2258304302
1035206276,2244632846
1366097219,619193847
2148660921,2246661773
489748017,4369058864
1288965243,3289551767
245656223,245661477
245656925,2247988075
1879817447,3803783979
2442886082,768595327
2399106349,3633836172
2258304426,1941042910
4335012905,622007285
245659819,3878413322
459045194,1344712205
245665987,2216352592
1179314448,2897024816
4366036993,615517922
245668979,884375438
296852616,2574245051
5279686183,1148582026
245657453,3568967601
2244797328,1643264160
2433523749,3632538491
2244961807,618765269
245671140,2258304458
5426013540,2647317726
1879817857,245668011
296346668,2804392254
3217436039,245660426
4294951462,2966389853
3518462394,2216353231
347115647,769028533
245658362,1367092768
2250795748,2248802131
3800355122,969803873
631486360,623039962
4342421097,1665625403
1351247413,296857786
5344920878,1473471972
245657061,2373155689
245661384,618702176
245657816,2439202928
2715412016,884467087
3708879342,619227611
2244961403,1647747178
245681141,2244797263
2264152063,2249326279
1184480464,2244797752
3273736202,5346620508
245666846,1665625694
2715411954,4883837341
4513497730,2244962293
1365570226,2966422710
2374709080,1645876460
3633836137,245661371
5271574547,5426032051
4759731630,1386641179
245667850,1291703584
2804520137,1451880126
245671128,245662324
245658138,296346620
245665667,245660235
3878649574,245658898
245668847,867003281
2264152083,1640769669
2233649076,473698888
1366028046,2246472578
456034522,245658789
2246661733,1480129537
2244633032,245657885
245666606,2249302243
3215371729,1035206382
2244797517,1366857373
1665625357,2897024819
2622177312,884253975
2399394974,4364625215
458874748,245660335
2233648936,4374680533
1650164512,2715412005
2663559376,2242267038
2236681359,1960732375
2897022088,1375215758
2233648950,245663785
245669521,4352228590
864905340,1344339314
245668562,5488442659
3777263483,2236680507
245671926,1936355580
1366986978,2250795775
2804499700,245656090
2804500728,3217430348
4688603992,2237116273
245659788,1366901332
245659883,2244961768
2439202963,2248802255
2221887661,5164721029
1232644986,1142182224
4357117944,2244797676
4632210304,631494018
4720749143,245658184
245656199,536726931
631507992,1388354185
1177146262,1960732413
3878413309,2249268488
2258304327,245658015
4364516950,2237026587
3708879350,3214507278
2244637538,4624037676
861155655,1172407369
1936355600,1966835464
2250795707,245666989
4759328742,1386641177
245657561,3484161094
867003271,245682779
2242610490,1650753911
463610593,245661134
245657567,1339926198
3736882561,618662111
969935124,3736924697
2804441135,1366794711
1647747137,1643264030
864905508,482260527
2245075524,1643351744
1375482724,347192301
2258304402,1647016230
2629436082,2216534593
2244961862,245656775
3879193894,588597497
245679479,2299255930
2629741727,1375264924
619227619,2264152118
2442886105,245660831
245660038,1462143098
1646850417,2249326305
4366129935,1936580342
4684834453,1388374435
2163592461,5488442637
1647344918,2244961924
3878367697,1451795361
2244962452,2244962276
245665466,1879817414
627837700,2248800536
1920266049,245678571
5066959634,1289850391
245655580,245659954
2373155706,245655640
493966540,2244961995
1643031073,1286738000
4294951466,4352255196
3736927234,2258304388
245655214,1182556122
245656402,2244632973
245657468,1154211731
3803783978,4697123096
2249268493,1375215479
342120048,1182556117
1388374413,1388374423
2629741740,3803645875
2249201964,245671217
2562413142,1179273120
461822720,2249163410
245661136,1754945273
2439602114,1165333862
2176144735,866879536
884375423,623230181
3795056523,2249163450
5467677837,2242610314
3661713006,245669794
347178928,2246661577
1342463722,866758873
583309182,2622177340
245657147,2246661392
1647406957,631494024
1343008503,245657976
245656869,2249268524
4328028001,866806750
2258304414,4632210315
245656837,667395460
2715411970,3878367669
245660330,346614371
245657714,861155614
610232743,4362365097
561165512,1388374391
2244962452,245662851
347042528,866908903
2399395064,245661226
619227664,245657363
245655587,5488343649
1936355465,245659759
4759328744,768599931
5056119969,459456657
2715412073,2804520134
4233289487,245659862
700851657,618682503
245669843,1366028032
3878367704,2178293599
2399106348,2244797478
2250795699,2246661991
1665624944,3777263486
2242610441,245668623
1511525618,2222709877
4342420590,245657597
2242610326,2264152068
1343002718,245662829
4515109895,4632210318
2439202930,245659905
4632210366,1448148401
2804500718,245657760
2233650896,597286182
245673030,348120553
2399395004,1172405282
864905546,1366857069
2426264772,2216056869
1642951804,1154211731
2248802279,4357109786
245664830,4369027518
3708877815,561165523
618656648,667357413
2251057081,476500529
3708879251,618740464
461853949,1419256931
3738591520,2715411973
2715411952,705149188
2163592453,1179217474
4644026871,1388374577
2248801443,1450725076
1474897390,2146269465
1879817558,1643134459
3991590338,1287923962
2248801587,245659463
2246662773,631494006
1289850396,4357117977
5342165308,2249268621
3878492908,3803645434
2966349062,5434937234
2439602111,2146273511
1366857373,2892844203
3878413298,1154025454
2248801957,5470707466
471942849,4294895143
4352220336,1388374488
347169728,884467035
245656565,867003234
461808172,456215961
3793874736,245659288
245664800,2244962428
245657614,493896825
2247989231,2233871087
346633187,245656613
2216352566,349131632
2629418495,3777263491
2897024863,2236681305
588609784,4625570773
1169472510,618791900
4362345209,5488442676
1642951765,2246471728
1936627871,768595337
1934768171,5164721026
1934779429,631494017
1448148401,1879817445
1185553717,1177130650
1879818082,245657137
245660236,2248802319
1366857153,615517888
4676916069,245672447
4632210364,5329592725
1642951822,884436312
2233648788,4341071703
1473471968,296346634
473128155,2233871060
347112681,2237026577
3518466840,2995763452
1165333859,2377705024
1936355403,245658858
1289850391,861060334
2449734724,1386641190
4264598318,245658752
3797873494,4366151372
245656694,2250825474
2178293598,3732552457
5126776744,2715412005
1966835485,3245617965
1646690985,3878413308
245655622,1184069905
245661400,1480130342
245661342,1291703584
471587912,866806849
5346620503,245660004
245659924,1386595127
245658942,1366097744
296853803,2715412004
2439477083,2249326315
1179314448,3803645361
623885624,245669521
629023680,245659170
623037779,245657797
3803645691,4342420549
245668457,2237116171
245657632,245658221
4342420516,4844636221
2264152091,296853723
2248802076,4307040449
1960732292,1232644577
1934768150,2258304407
2804520134,245657638
2443139103,1165370249
245657680,1936355608
3708879366,296346665
245661871,2629741737
2246472125,461822710
3237529261,1165333855
1646746622,2379782615
2222708942,667357360
622060438,245658388
623040009,2439202963
2381992010,810133862
864964244,2216800602
2442510074,1389428555
456176919,245662024
2377749047,473128154
2131949250,631483577
1185816468,3878492897
2379782650,2233648859
2249268456,245659420
346611551,245659294
2258304372,2245075856
347171384,5099875203
582564518,3125354398
245667708,2715411923
1365948969,245665270
245658413,2237026331
2248801443,1388374391
860261708,245657150
5353822012,3708879399
4264834980,245663797
3795056473,245656979
4294895104,2246472529
245673114,2246473133
1645886344,2248798901
245666002,1366009073
1366938231,4374680529
245659150,2233651462
1176703678,2131949248
4366015575,2804414703
3125354403,296715538
1184480441,2245075922
1647747134,619258092
2264152064,2216800776
3803783974,3245675980
245660324,2715411972
3172130197,245655542
245655493,621287606
768599604,1579359116
245682060,456145191
245658185,3616989635
4676916072,3736924697
245678732,347140350
4515109688,2249268422
1179221111,2246472554
2966389523,2299255964
1936355377,2629741752
536726918,245656641
2249268664,245671322
4366004609,619193807
1232644591,245660027
245655855,5471572473
2244961530,1647251061
245671166,1165333879
245665583,245658324
1490187692,4730516852
245657244,866758915
2246472220,768599584
618702248,245663119
4342420590,1366097095
2380878855,1654375952
864905342,1919644826
245669761,245666615
245655739,5342165300
473040944,2247989255
245655609,245662161
245669350,3798943885
2242540462,2573733680
4362754018,4342420524
1288998812,245661583
245680853,623223492
494909913,1936627909
5470621258,1388374397
357797398,1879817475
621287165,3204517897
4362754059,2322141822
2715411947,493930541
245672654,2568065853
245655815,245668714
2249201978,4233167625
3708879289,1645886295
700851657,2244961412
3793874739,884399280
2258304539,630699810
477240774,2249268475
2245075698,2629418524
245656451,619202032
245663666,1388374472
1177118670,1366900889
1236410104,3848697508
245657999,864964221
3708865590,1165320838
245655637,2249326384
1365949173,456025865
866749898,245677252
1966835498,347143881
245660255,1176844289
1388374468,297140648
245682972,4632210328
2622177286,2247988281
1665624958,4348259324
245655654,5470707470
2715411913,4266875872
2224023635,866879473
1353467794,2264152091
5242233619,2246472919
2242610404,245661837
1879817855,2299255965
1644082002,2804392268
4294951690,2568778979
631494013,1232644676
969803862,347169718
5271602112,2146269465
1936246985,2258304489
2399395001,2264152097
3708879256,652615179
610257091,861167946
593054839,3708877815
1936499652,4632210373
4357272780,1647285848
1348001423,2250413623
866807397,2804520128
1148581217,1651387812
4366100180,1388374477
458886379,632311723
2244632914,619193824
2377631520,2237026589
245668957,1232644986
245660212,471043375
245655940,245672158
3244522367,296362023
629023682,4292746862
1936627898,4294545138
2443003755,1646750862
2249268393,1647015812
245661974,1388354139
590605905,2715412084
1642958721,4443962501
1145116874,2897024862
1936627875,630700998
245656199,245667707
245668505,2233871085
4264598326,1184480439
245668078,1647286317
245656816,588620293
2804491973,5375201253
245682366,1167629293
245665648,459161705
2178293633,346633400
2216352566,3212163828
1728626251,1184122436
588609784,245663020
1388374453,2899067844
245682277,3878560458
1366008946,245657445
1650707682,2246472114
245660117,1184132890
493930531,884375430
5456500631,3708877819
3792949322,245666475
2163592469,4700518392
2250825496,4352245939
245657032,1386641225
2251057088,5456498950
479079566,1647016068
3245675980,701118349
619256742,2246471822
3207627269,3245657265
245656402,1586957729
622042585,536797626
469873159,2629741746
1960732251,2244797626
4676916071,2966422710
245663729,347112665
2246471748,619128787
245657813,2379760709
2247989218,867003236
245657289,2244783747
473128155,1154003522
3708879241,4357265386
2804400698,2244961489
2439252017,2244961493
768599602,245655752
2264152059,245657270
5477703689,1474897395
245661425,2258304355
768599585,4362546063
245656912,1647285795
2236680150,1643031072
623883770,1654348816
245656591,245665552
5424387135,1342458324
4342420948,1174941995
3803075029,1287841738
1232644676,2804449495
2242540438,2440077587
2244962099,1366009102
1651867294,619319582
5355278552,245659213
3794009563,1343005456
2897024524,1936532741
2322734244,1388354217
2380932004,1879817733
2244961537,3737943425
2249201932,866758883
245660529,245662627
2966389863,619203246
245658388,1366028023
245657651,2629418525
346614474,2715412021
1035206271,620010661
245657184,3633829109
245659455,245661843
2299255922,1646827551
2246471784,4366129982
867003294,3708877813
2249268532,4357117944
1936355394,768651024
2629701268,588609781
245655934,4611102167
4759328751,245657527
4362415512,245659798
2897024869,3792771360
2258304342,3878413321
3708879369,4654759863
2715412114,245656452
1286752654,245660942
1640852158,347169923
460556923,615517894
5494564054,357798623
2715412089,245657879
245658740,4362546065
245669854,4357170871
1366900767,1388374521
2244783872,245671797
2216352617,4844636219
5477703687,2170704990
296852384,2244633051
4696269531,347194072
4366100185,245660522
3803645581,2966389876
245669884,245667909
1281514395,1879818065
2629418526,529918720
5470544020,347113577
1281514369,245661065
1654348816,1154216502
461822677,493914557
347112673,1643352079
864905420,2236680222
1879817651,2249302203
619181706,2249268393
4357381447,866758898
2128611142,245658323
4342420719,1665625414
4759328805,2242540487
245667718,2629741753
5342165302,245665022
1936627895,2244637340
2399394961,1366900440
2629418415,2715411902
2246471991,4364457157
2249268501,471566265
245660031,1375215771
3736882567,2622177379
1640297020,5477703695
4759328758,4592100508
4844636221,4759328793
4637997507,1651414489
3212163817,471043380
456145202,2444311216
2379745779,2236681459
3170331370,245672136
245667688,3878492863
4328170385,2236681174
1936628000,4357381436
1290038191,1936627944
619355203,1474897396
245667917,245656463
3747281157,4689970051
1366857373,245661113
1879817441,1936355497
1179088376,1644086523
4323078800,700774353
884375423,1165370209
3793874881,4634533962
2629436078,245660320
245659845,1596008552
1936247010,1185859882
2249202025,4264598303
4352227185,1647250900
2242610334,2440235119
4264598319,2454589597
2258304367,3743618692
2804520123,3212163835
346620356,245657109
245659372,2244797418
456188455,1336408322
245660499,859076071
2242540399,621287605
463610546,1367092920
5345382073,1165333806
469844205,3484161103
245657508,3921993010
3797889114,493911797
296346627,3878413312
864947323,620382323
2244797478,245682902
245663228,245669265
346620816,4515092973
1365948969,866807396
1695703188,1072383376
619227323,2258304516
700774332,4362526723
1879817494,1179340214
714896920,1665624954
4362345209,1665625171
4759328757,1367093122
2222709690,622030928
1375482742,3217430352
2236679390,346620827
4306945148,1366795113
593054839,482260552
2258304479,245657232
629021717,348120085
1642951780,2248802710
245662763,296852381
245671139,245662349
1879817447,471554800
1646690974,245680149
245667444,2629418495
347112670,2246472516
3205949799,2216533584
1232644598,245657904
1366900800,4292656414
1388374438,2242610339
1489511156,245657272
1936355550,1286566730
2242610332,1177146270
3286696861,1366900800
1287692172,865054569
245660831,4362580588
2155937893,467123475
2242610356,5279688326
1650382589,2380879121
5332565905,1367092656
884399298,2244797165
1342482595,4684713217
1647747275,245668134
629022717,1366900865
2236679293,2446215585
5482347191,5355278529
1647250954,3234264503
1392005733,2250795704
245673994,2892843874
245657103,3215378777
1936499575,245656919
2249268591,632348038
245668047,2248800511
457462418,2892843846
621976586,2233649403
1645876416,245657562
245659173,2966389527
245658191,2299255946
1176701799,2155937895
2244797666,245661112
1936627930,4307040454
245669394,2244961864
245656839,1344712172
2248801898,1650707708
2251057093,4361545033
864905424,2249268587
1651387817,2246661987
2250795775,1289124425
347108039,245661372
245664905,4625570695
3993454769,1960732315
3878649566,1289124428
2233649073,2249268488
1975033498,1960732198
2623004620,1879817705
5271592640,2439202991
245668200,2568730748
2250992750,884399551
4233126860,619181709
5426032052,630299774
3214507277,245662027
2715411971,1454673591
2892843890,1156127272
2236679279,3245616511
245656271,2249202015
1448109731,2647295276
2892843856,2178293624
1451880130,1646746563
245660365,245669665
1366028049,1647285852
3596054828,618691493
346611551,245660114
3803783788,5434937237
2258304426,349131639
618744098,1388374466
768595341,2439202879
2804449487,4294541641
2647295173,2241633946
2245075613,245658990
866749908,3708879252
1451880136,866726945
2715411959,245658426
347112674,245662472
3708879257,1286566735
4366129966,5271592641
3273736237,1366956071
1178673623,1179090909
4342420729,245656583
2399394969,2222709887
1199597086,1185839758
865063303,2729290323
245663806,984279547
4759328801,2244637323
245659407,2299255948
1879817915,864915133
4264834985,1179221131
1366987056,3245616509
245660539,2249268607
1665625642,1185844457
493966602,1356195507
590544164,245657059
864905396,245661694
2258304424,2715411924
588609781,2715412050
461853953,5426032041
1178660236,349131630
1879818014,4759418239
2715412032,4413813943
4307040467,2439202984
1654383280,4178790375
245663666,884199297
632310826,1169477803
2446394409,1365949289
2399395033,618691461
858737343,347192304
245656596,4375441372
456034522,2244637716
620382328,1366857544
493930544,245659518
2248802254,2242610325
1165333835,2237116210
245659368,2233871074
3708879384,2233649027
628998835,1343015876
2439602114,2244961516
1366900760,4294951432
2236680115,2216056848
2178293609,619309785
2258304458,296851089
2236680162,245668623
2244962420,2380846299
1879817474,2244962125
346611236,884467087
2221887647,1936355451
4676916082,2237116146
245668543,667357409
623223482,1388374503
2249268413,631494026
245661562,2237026288
2966389877,1194191383
3207627270,1920242052
245657844,245655616
245660321,1647285818
245664901,1934768185
1365949048,346633210
2715412045,2250413568
245668571,4674402063
536726906,297140799
493911802,1647286287
2715411973,1651387809
1936355536,2216056909
245682015,632310816
245656077,245658491
2264152105,2897024522
1179261850,479079579
864964244,1366794824
619306763,245661278
866835029,2966349047
1367093073,2245075546
536726947,2446215573
2433523749,3878413342
471942850,1654406861
4362365094,245669680
2246662526,495058971
1351218707,3921957757
245656449,2237026552
346633187,2244961440
2249163368,2966349041
3793874727,3217430360
2622177336,4759731630
276775161,5265548423
4123403630,2246472356
2244961537,1654383280
864915129,3632762687
1650361986,1665625452
587976171,1879817564
4323055307,245656439
2622177375,3777263508
619371666,2246961192
2804520142,588609781
1367092768,528890443
3797889516,631494026
1165333859,296857844
347171123,1650694548
2647295219,4342420549
3245616512,4625570715
1343008497,245657687
1232644362,619193824
5467677841,985092073
2233648922,4632210495
867003150,1728626251
1643264110,631494023
348120671,1392005780
1960732334,245668446
1392429412,2244961407
3794378006,619258094
4307239168,1640769644
2897024818,2439252018
245655918,2244961577
245656762,2966423838
867276551,536771758
590671185,2237026173
3708879368,245667852
479079562,245662029
296353488,245657760
245660822,4233703585
2250795743,245661644
1179261852,2249326309
623223512,1366956101
2244633053,2249326290
2244962383,245655953
2299255893,245655429
489748025,4637997504
2221979775,4342420558
536771057,2250992740
245660691,493925821
1936355531,3642586741
2244962347,2249201948
3206271843,4696269530
1180378618,245660939
2247863069,2242610377
1185565932,245658477
5344920879,471942849
245664667,630700078
3641869342,621287606
2242610270,1366900790
2897022092,1078664064
2244797369,5456509651
2250795699,1645906582
2299255939,4328161793
1473471972,4464083291
245656047,2216352679
2382029780,3797889381
347192303,2244637752
2246471991,245668273
2299255963,884430084
245659514,2246662785
1650694468,4266883450
2233648939,1392485609
1307547988,884429984
2622177258,1342463722
2216533512,536654105
245659467,1647251104
245656695,4342420898
667392433,2248801114
768651024,4264598309
245656414,2246471985
5372158174,620382315
2399400771,668672703
1650164498,2237116252
622060441,5488442681
866807391,2251057072
3633836136,4352401920
622042603,2804481646
3708879366,2299255958
2246471748,1640619929
1392005944,471566329
245657674,4761676585
2804449494,2233648582
2248801376,1388374422
2399395002,5242233617
3795056665,245659288
245668362,5477703677
2897024534,489762879
1388374438,1936355524
2244789969,3981415993
245668580,2715411955
631470655,458989572
1248157173,1934779448
1936355531,456188480
245661256,296853793
2236680156,768599594
245658717,2442931811
4654561177,2250795804
494838736,245655992
5346633576,2244961415
1366795200,867003167
3186501609,2446329398
1934768171,4357358530
3796393906,477246228
2244961978,623970779
1174145919,2453909168
1344357228,1646750862
1165388876,582564522
477246235,2264152099
1936355590,2442374471
1647556129,4328174189
2244632902,866807389
620011878,5366445084
2715412087,1366900698
2715412036,3743618695
2249268513,1184489553
884436248,1366795028
5235568444,3204264942
471048363,2216800778
296857842,4366029732
3878413316,1184132295
4264834975,867002816
2892843866,245671535
245667595,1375215761
2125309899,3878492895
296857787,2241633805
2439252016,2439202946
2610804866,2244783745
245661363,2249326368
1366901197,2237026316
2804441140,3803783539
1353471886,2249268388
2399395033,2222292035
276116847,1919837967
1936627863,2233650602
615494287,1640461346
1184498924,1388374440
2399394970,1388331145
245656422,245669794
245666734,884436300
2216352764,2163592457
1650164504,631483013
1199597085,1236410178
245658169,2244632900
2236679571,3632761387
866806832,3878492881
1165333855,5265548424
866835029,2245076019
471566265,3708878215
5477703689,2246661143
631507993,619202028
2216353282,2248800192
2439202948,4759328766
245655757,347176816
245663367,3217430352
2249268533,1388374432
2258304300,2897024519
2249268450,4233239012
4362728140,2244962116
489754506,3523265318
1936499643,2244961404
245657252,2216352985
2250795764,630700998
1448109591,245657307
245656090,631494038
2222708826,619193791
2236680127,1375482745
245662540,5281312528
1165370358,245668399
2216352571,2236679953
1936355585,2688409915
471043366,1650800818
1366900728,1651800513
1281418401,2247989225
2249268525,4592100519
619193776,1281204615
245657277,1389428568
1650753970,3245616502
2246157831,296306347
357798626,2245076002
4362728149,479079557
3708879403,245656242
2299255930,1366956276
5242234526,1343009437
296362016,2439477088
619375180,245666968
4362754018,4676916077
296294473,2246471791
1365570185,245662246
2258304459,245656598
245674473,2715411989
245668765,1035231775
1644081999,245671277
5477703683,245661403
2399106347,3632538492
245683020,630696759
245671093,245659839
2804450687,4294951466
4625570581,1386641030
5488442637,2248801587
4328161625,2242610321
348120553,2216533763
471943686,631497224
768599600,245656961
1348056645,245658215
2216534593,245658439
2178293609,3008326952
529915655,1936355590
3991590339,2246471880
347179075,2250795779
1936499752,4362345207
245660319,2258304383
2236679537,2244961522
2715411899,245662791
245678357,1879817654
2715411980,2442374450
619227619,245659541
768651072,1392485609
245682017,245663271
348120553,2258304442
615517913,245657543
4233703585,245660636
245669275,245662572
884403706,245655872
245655694,1233452314
768595237,245658585
245657342,1879818067
3708877815,3642215182
245679282,1647163182
2221979770,245658203
2966349077,2374581279
245668887,1375482741
245657002,2246473258
1179088430,3981413839
858780316,458946369
296857829,245661007
1232644057,245658491
2258304364,2233871054
1165370252,4271382740
2629741726,2897024628
1366938159,867010439
1188787690,4342420750
1879817813,2249268505
1351371707,2146273511
296848943,1665587588
347169735,1386573943
4352245938,1366900352
1398117068,245674992
5330884898,2244962114
3803783479,348120341
473128152,245662129
2216352679,245669904
2246473102,884244627
2610805004,5345382076
2399394985,2248801776
1646746657,2381984477
2892843879,245655739
884399555,4625570740
2258304381,4342128945
768595332,245656921
2629418414,2216534232
2244962122,1934768209
4328035971,2564347134
245669103,630701541
245657346,1388331144
1366901118,245668498
2233649064,245659612
4357309654,3803783512
1367092996,2715412093
1366987056,4264598038
1388354154,2237026715
3204276729,2248800004
969803877,4342420524
4720749147,245668537
2439252015,588609824
3795056525,3878413315
1879817563,860364934
1307588206,4264598307
245665650,245667766
489793165,245657885
1184069906,2244783753
456145202,2247989234
1936627950,4632210498
471587922,471556495
2245075557,245668654
1879817903,4342421097
2248801977,467123476
2715412005,1389428545
5346620507,1248157165
357798621,2249268482
1879817825,622000958
1643264089,2248802279
1919837859,3632538467
489793272,1386573904
1879818038,3632762686
3708878517,1286738000
618662114,3803645784
245672616,5340115955
245663743,4342114760
867276705,477528980
1179104909,1289148286
700725749,4328287904
1366956071,296848943
245657227,3878649565
245660619,1392429438
245655972,2440235086
4328028207,1879818073
245660445,1375215761
245660793,4342420750
245662250,867002910
1353474104,346648345
1879817884,458848907
245657447,2247988591
2622177312,3981415993
2715412099,245657184
1647747196,1158617054
2246472773,2244961948
245658127,622060872
245668276,1375482674
2244784183,2439232806
347042170,2715412019
667392438,2248801391
245659338,1351190440
2439252017,2258304449
1936627907,3708879389
4352414406,1646746613
4362526721,245675630
245657186,245655137
245657464,2258304518
2244962084,1351234043
2222709853,4104861728
1366900819,1343009449
3708879246,2250992739
1879817520,245660304
245658799,2299255921
245656128,588597487
4357170878,1184123626
5346620501,2258304554
245670979,245656571
2804551406,3796394568
245668080,1388374450
3636540029,1936355514
3736838667,1665625694
1936355579,1879817485
245661425,4294951451
1879817381,1665625008
1184489553,2249201962
995951664,296851158
474700959,1184069029
2258304303,1232644016
245657638,631485285
1232644316,1919838008
348120341,1650770677
3803645376,1375251435
2399105035,3878367684
2236680132,4759418236
245674230,4294545114
2897024819,631507993
1345329180,1179090909
2246472366,1388374599
2244962163,4342420598
5342165299,2237026602
1473471985,1647163187
5494560187,245659360
2299255934,296848792
245656414,245655548
1647163160,2249202029
2663447648,245671976
347106959,529901136
5467677846,3212163818
471941461,4357416062
2715411964,4292746986
4759328752,768595337
3878492881,245664036
1650708006,1366986961
1148581956,1647747178
2244961630,4730516852
1165333802,2688409916
1184498928,245656076
245680648,4883837345
3212163843,1344712172
5494564054,4352228594
2258304482,5219424397
3878649576,245657562
4307040458,1651801022
4362526721,3878413293
3226348356,2246472711
346622916,5271592644
1936246975,1936355403
3708879254,1651338398
2897024643,245658526
4357289651,245660639
2248802705,4340930603
5470707489,2622177286
3708879286,768651100
471972441,528785865
4686235799,2249268664
4700518392,245660632
2804467067,2186668942
5372158167,1366795113
631494028,3777263487
2242540399,346620807
3792771177,245667708
1184147511,1233481311
4632210306,347112665
884399555,1919646324
245655632,245663182
245660793,346619675
347176821,2216534324
2247989215,2242610167
245657339,1879817390
347042532,1454672572
1960732185,245658776
245664169,1474897382
4307239163,245662391
866749879,245656243
245674126,2440200977
1148582035,2947598218
296853790,245659241
3878649576,245663743
2249201925,2629741736
4759328806,456215968
3207781210,3878413314
5426032047,1960732248
2258304414,1182556117
5434937235,1936355553
245656819,245655907
2250795804,245656461
2242610334,1936355600
3105782029,245657555
3878413299,864964229
473130737,1879817426
587976149,1936499741
867003156,4377556096
471953518,245660683
2173707442,866758908
206291065,1936628000
245672962,618744098
1179314523,2216353115
297110349,1184076841
1185816463,245668867
245669255,1650345926
3795056482,1919753069
2242610371,343361437
590605937,1351343335
473648762,610923245
4266883448,1179223757
1646746581,2244961859
2622177344,1640965661
631470661,2258304502
1179191724,1366900819
4513497739,3878413339
1646746570,245658892
2125225624,619309797
3878492863,618694428
620011904,245678335
2233648950,2663559376
1184069030,1936580452
296857831,245672344
1645886290,245663089
3708879345,984279232
1648244692,296857847
1166499378,2568065859
4294951488,618684324
473130737,2244962282
2178293610,245672561
2629701276,1185815167
4362728148,2444311229
4307211850,245660333
5342165310,5346620520
1179314492,2715412088
1388374511,3217430356
861201991,4759328790
867276464,245655752
1172405282,2629741730
1879817625,3878673195
1345343350,5346620501
2966349046,2244961580
347181734,620011878
245679479,245659595
769036608,1650361963
4759328735,245661373
3186480515,346633397
610238921,2574237462
1448147562,4357170863
2246472251,1644086507
1035238638,1966835489
4515092964,346639962
1174893177,864925425
768595249,2216352546
618667305,245658467
1646024531,537791262
768595330,245656883
245660586,245660003
3708879381,2892844205
245668328,1375251431
622060438,1352381151
245670288,4366129987
2399395033,2744937740
590605999,347181273
1879817441,245658586
1208804028,2233652166
4361545036,348120554
884375438,2244637712
245668400,866879587
245660650,245671026
1351343339,2250757337
2399394973,5332431179
3708879296,864964235
2244962139,5426032054
1179217493,1651338404
245668328,245668863
460626638,245666990
1179191780,2244962110
3170331370,2249326302
245659646,1936247010
245682051,1194191462
245669145,2804392251
619372976,884466950
2244783745,1879817421
2237116134,2178176382
245657625,1367092862
2715411956,3708879277
619199658,245659733
2377749053,1879817996
2244632924,4342420606
245672446,528929633
5332581040,884254077
4364584586,4362365097
4357272780,1386641192
2444154288,884467135
4233563020,5470621259
245664845,296353470
3708877805,4632210343
866758845,245657497
245656102,1645906574
245659583,4365981507
2899067839,245661680
1288965249,347169739
477282907,245655661
1643035294,1879817857
2258304368,1392005797
2221887719,1654406823
4415528859,2439495339
2299255981,4390218586
1654406815,296362015
245663027,4264430479
1353471869,985092073
1232644675,3008326961
1375482733,4632210495
2242249982,1345343346
1179191771,494358481
1480128013,2614591599
245657449,621273329
4361515193,245656063
4515092965,631537698
1650164496,2439232806
1646690887,1651387817
346611232,245659733
1645876425,347184695
619375180,2258304366
2932394196,2216352534
2804441150,1148581234
1184480461,1366900715
2236681162,1386573886
2246472316,1879817861
1650382577,1375482741
1647344918,1651696002
2258304481,245672970
1165333876,245659478
3186501609,4375441360
245664959,2446329353
2264152105,2233871410
1345329180,1288965294
1171845269,2897024659
4844636220,985092068
245665650,4426364318
1920242147,1345343346
4625570579,245658323
245660549,2629418533
1650385408,1934779744
245658218,884364688
494909913,5488342582
245671746,245657567
2258304330,2244784185
1879817862,2258304344
245654904,245668798
619270646,1356195518
1966835498,2715412016
482183394,4347108648
245667696,4611114423
5246093011,2249326323
768595327,296346655
1287742869,1185560552
619312491,3518505012
245659823,245655741
1640291061,5477703696
2251057096,866839621
5265548424,2233649359
245656773,1165333864
2216352536,2244961879
2244962441,245664657
864905195,2966389838
1366901264,245656270
619227662,1375251717
985167386,5242234525
1366900865,1179332230
2892843868,1645931710
866835014,245661342
2715411922,2622177289
631525441,2249268510
627835035,4335012907
5470707474,2247988336
245659714,245656905
2249268431,2236681229
619372983,2715411908
1165333876,2248801561
245661643,347169735
1288965352,458966469
4347108651,1491270822
861155594,458848885
1647250938,456044858
2249201919,1650800907
1185821557,245659811
3708879264,867003240
245674681,3878492907
2244962139,1879817545
1367093218,2244784066
245655433,296849526
2380879941,245659039
245658511,3878367702
245673500,652615177
1145116881,1343002728
1185553713,5271602946
867003154,4352228590
1185812968,1650382576
347176144,1803681955
245668978,2244961851
866769275,4368928675
2233650758,245668274
700774319,768599587
1665625373,5271592642
2453954665,2892843848
245656434,245656713
245674084,700851628
619227599,1342458258
623039963,245665628
700725751,4328035968
1646854083,245658247
245669739,245668405
1936499717,2249202028
2248801762,1366794629
473041388,984279512
1166282329,245679672
2236679571,1920242086
1367093112,357798619
590605929,245682149
4887047644,4357289671
2897024614,674648874
489754506,2264152050
245680708,2249268526
668699201,245664285
1148581950,1646222653
245656422,1879817475
4759328787,861201995
4676916071,619309790
2399394970,346648367
4342420909,2233652344
1936355467,346611232
4366100174,2715411944
3803645443,2249201941
245677005,2247989215
1199597085,245681720
245657676,245659695
2236679581,296848796
3212163839,3799138478
4362345213,3518462394
2299255989,2258304367
245656288,2216352659
1172422230,2715412018
245662514,3708879254
2233648902,3797889493
2249163414,536771060
1936355518,2241633742
3878673198,1650753799
2897024742,1879817441
2258304314,2715411929
2804481653,245656294
347042528,4366151380
2251057091,4364646349
2244961908,2244961402
5434937236,2246472636
2442886102,245671436
700886232,2966422718
471044972,1388374546
471591704,4759418242
1366097243,2966349081
245662517,3737129896
245659569,3532108866
2250825511,1289110937
245668776,245658134
4352245913,3245675980
4366100153,1185844457
245664001,867003215
561165526,529901126
2622177271,2244637624
1648784454,2440235089
5372158183,296360811
619199673,1142182236
1232644620,864905498
245660324,245657452
2715412064,3484131390
2249163505,1936499748
3598132997,245656776
2233650896,245658797
245662460,1375215470
2235206835,1172407368
2258304438,245658718
2439202940,245656511
610232742,4640227242
4342420521,2622177427
2258304541,884466955
245680831,2932394199
2647295201,2568065889
3979605663,245654694
4200855426,1645931682
1179269830,2250007237
245655214,610902232
2439232805,4366129978
1353481303,4464083291
2629418492,2804500723
1154025452,2250825511
245659322,2237116134
1366900795,4341054363
3708878480,346633187
245668543,245665907
1879817996,1642951822
1172405289,245668867
2399105037,2258304424
2562413146,2125288553
245669757,1651486267
1936355590,1389428590
884364483,1388374546
1184480451,245672970
2244632861,467125650
590544223,296852377
866806755,245660054
245659799,2241633820
4678168021,2249268621
1179191758,4759328761
2715411914,1386641222
1388374399,245663875
769036608,1879817469
2932394196,471043936
5426032040,2237026091
2249268408,343357729
2247989169,2236680313
2244962461,1491270828
245663652,4342420494
245659884,245662545
631486363,245668626
4759328803,1366028046
768651053,245655076
473590723,245656308
245661905,4307040447
2258304389,245662250
245661798,3708878492
347106961,2245075998
469873159,5467677850
861215823,1388374420
2899067839,2442374465
1366901241,245662540
3484131391,2804433704
3663657595,245665648
5356842359,619305018
2258304429,245668003
1879817870,2246471824
536726923,4357358614
2264152061,2715412100
1352381151,2442390176
245660427,2244962100
1188667400,1651387812
347116057,5456498950
3484131386,296857844
1879817518,2250795766
2236679287,4357109789
245662137,1491270804
493907762,4592100502
884399494,1879817423
867010444,1647251310
2804500711,2244961917
619270636,1646746581
2233650744,2804433702
245656819,3797889317
619165329,1650345901
2804520130,2647317726
3214507277,245668275
245656777,296857801
245656002,1336408320
489762879,1392005725
2804481650,1879817575
3186480513,245660207
477673450,2244797295
2233650273,2216534555
2249201958,1879817653
245665838,1176703273
4342420721,884244601
245668457,2216534657
1287692155,245660004
4342421099,5456500631
2233648929,347171128
866806795,245669794
4362576429,245660290
864964229,2216533542
2238597924,2568140248
1647250906,1650753911
2244962447,2804500721
3245678004,5346644809
245665198,2380880065
610919775,1386595167
1179088417,245659040
2244797397,1683617364
2629741740,245656068
2442510067,245661277
3803645683,2125317098
590671199,1287692034
2233649173,467123482
245664830,296848791
2804392253,3797889602
245681461,5372158173
296362019,245657152
1651875567,245658316
619304806,1650416019
2442374461,245668682
2715412008,1389428540
1392005944,245660558
1683617364,2248802539
245671743,2237026580
1392005733,3204876455
3561962551,245657865
3008529668,3878413308
245667349,3632762642
1365949261,2930734734
768595338,245661990
296852389,619298579
245659368,471942851
245663782,2250251295
1936627942,1375251431
2897024856,1644082017
2399394934,1646690909
1179261850,667395458
2264152094,3648918751
529589677,4366129987
706122760,4328161793
4342420585,1632712445
4323078801,245656319
1650385410,3704031690
1165370258,2250992797
4632210377,700851701
2377726109,1375251431
1353474112,2248801078
623970777,4357381437
2629418467,2249268623
2248802705,2148659187
2249201928,245668946
1650707966,2249326282
245682619,2715411988
1366857609,2246471743
2249163368,1647747259
2399106337,1647252036
245656833,4883837345
245656896,4178790374
3793874741,1632712506
1511531477,3204195654
346611550,2237116289
4674280890,1176703271
2248801099,5467677839
1179089911,471566289
245657584,493930545
867002808,588620333
2897024859,245657669
623889405,1650753810
245659170,296849523
2622177371,1165388807
245660921,866764586
667392420,2244784219
2439615342,866807203
1646690986,3170494416
245658191,245662306
1035231775,1803682992
245657333,245657249
1185815168,477246192
250816149,1184035655
245660274,1351158858
1647250938,3878559850
489646159,2899067851
245657509,1651867292
768599602,1511525618
2299255963,5488342583
2622177253,245658261
2399394943,5426032056
2216534648,472791714
2804520139,1366901156
1879817564,2245075905
864905449,2248801164
2804467061,630298123
471044928,245659595
245656257,1194190086
1936580342,4235047231
1172407369,2715411970
1879817637,1386595133
864905442,1647344945
1640287972,1966835490
619199687,2249268401
1879817904,864905425
619227585,245661890
296362019,245658718
631484614,2247988277
5470707474,1934779787
1650361977,3708879335
245659760,245659428
3795056211,1392005932
245671330,631494035
2244797657,536726906
2258304400,619129907
2244961404,245660318
2238597925,245664869
2244632899,482222362
4375441361,245659348
619265641,1366795269
4472601955,245660380
5304661974,1375251723
3648918751,1388374599
245659799,471943687
1179340179,5467677849
4515092966,2246661809
2629418415,482539383
2379802039,1288998783
3193011678,2258304475
2299255950,667392407
245660275,245656257
245677275,623889401
1640972957,2244783745
2242610548,2966422701
346620036,1640769756
4374680521,2247988328
2245075663,245655214
245655482,245668427
2852214027,2244961996
864964237,5426032048
1366900712,2442536847
1178623177,3878492908
1646746652,4366151615
1185560539,3878413343
3708878223,1344712148
2250795655,1366900822
245668288,4357358530
459028989,2246471672
1366901150,2933872981
4377556096,2233871080
5271591174,245656444
245660303,245662581
1960732375,4104861690
2449734727,1194191359
245660846,245657400
456145108,1650800907
477737608,3803783514
296857829,615517894
3794009566,2237026608
245665833,864905321
245664637,2241633742
1879818024,2246661602
2176144735,245658925
4647204360,2248800232
1179269798,1365949216
3795056320,3632538489
590605931,245682342
2258304384,245663796
985167386,5470707472
1451880130,2233649337
245661155,1651338660
4357358585,1936355522
245661079,245656541
4697188966,2125317098
2629741749,2236681135
1366938268,2178293623
2264152114,3213750089
245659526,1647285868
2176144800,5470707469
700742407,1375251720
768599600,3708879399
4885018918,1184122114
864905396,1281204574
700895738,2573733680
245657728,458946355
768600235,1648244771
245660396,347144010
5470707465,1936355376
1651936261,1366027983
618702216,2236681473
588609710,1165333876
245662294,245658661
2246472772,471942852
2629701276,2242610362
1960732284,3125354393
2399106357,5346620922
700886371,1650385388
1188800945,3204876455
3125354405,4264781642
245666734,245659056
621284917,3878492901
245669904,1919753058
2715411985,2720460842
1665625611,245660219
2250795694,4728958430
1879817675,4335012917
1232644097,245667043
1353467800,867276779
3632762687,1644089902
4515109889,245672136
2804430998,1035231749
2574237462,5130752083
1650707819,2244962084
2444311214,5372158161
2249201967,2446163355
768656607,477246190
1165372444,1388374479
620382325,296362024
867003114,618795499
245657816,456215960
1644086522,3632538492
2244637004,4684834453
245657465,4357170876
3204209297,1366008979
347194410,3245621938
2715412027,2244797256
1642951833,4674118964
2444311219,3736924698
860261715,4335012916
1188784758,1936355397
2299255935,472791714
1936634748,4728958437
347106961,245656002
1165370259,1879817786
343361442,3237529261
347042532,2245075950
4513730349,1351234049
1375482685,4335012920
347106949,3792771368
768599590,245668405
618702171,1650361962
245659265,1366900440
245659891,1287923927
2399394961,3793874743
2244961530,3708879275
2244962426,867003114
2250795683,884198602
245662779,705149125
1647747245,2242610364
1960732407,2377743408
471566294,1366900798
455519004,4366004652
2715411988,2246472384
2399106352,668620114
2244962449,245666815
1367092979,2966389838
1975073680,1232644497
459045213,471043374
1388374451,245661357
245655867,4625570578
3708879283,3245621938
3708879366,1936355361
459459985,884220233
245680653,2237116230
1179314492,245656309
245663239,1366009099
2804548108,536673797
2376361103,2622177273
2250795785,245668766
245666968,245662152
245660055,2258304528
2216800747,2246661797
2178293638,245671054
245666454,1644081959
2299255939,2380880061
1366901066,1158428332
768599607,245670344
2249268415,296362028
1366857176,471901639
3890222322,1738882048
5470707485,5329800036
1345329195,2236680539
245664680,245666692
2246661764,1342999715
245661342,2236681263
619312489,245661979
1281204615,668672699
4294951482,245661693
4364646360,536785095
5265547250,245657005
768651033,1366028046
245657946,245660386
1879817897,4362576419
1165370209,4366100160
2258304556,4759328735
4644026836,245658310
1936627938,884254105
619203243,2249326392
1879817861,5332431179
471048361,2248802222
245664901,2244961591
5358214522,1647163187
2299255960,1375215787
245671093,2170705063
245656338,346614368
4390218586,5346806114
2299255968,245658436
469828690,1185553719
3216229174,619305015
245668396,582564521
1351371745,245683114
346611239,1179191757
4364457163,2250825426
2804500731,3212163857
1366009079,2233871052
2249163501,705149204
2244961915,619305732
2250795743,884467010
2224023635,631507992
245677658,4328174192
245668276,4357117951
461853953,2236680956
1184498925,3518426670
5488442658,2241633850
2258304351,1646746615
1647163187,2804414708
1654348810,245658266
1642951789,2249326294
2246661689,1184132297
5099860311,1642954383
1651414473,4362786417
4342420719,1936355598
1185815165,1388374406
3237529261,5471572481
2244784161,2216352758
2379782813,1650385417
1879818014,2237116161
1179314446,1343009451
1366097200,456044838
5372158169,245659867
3708879373,3878367694
1179261848,245668658
1365570226,1647285795
2966349067,245682017
245658269,245658193
3591863585,4323078802
619227323,4342420528
4362345205,4611102148
2377704971,3205968775
867003248,2804481651
1643264247,1194191464
471043936,1359253421
2444311224,2244961532
2216352584,245677378
1650707618,2439202934
5115140438,1647251733
3217437365,1936355522
245665962,2380878890
4307040458,2804520125
2146269452,2248802688
2892843872,1386573909
1960732261,2244637624
1879817960,4883158977
2441666122,245657867
1650722318,4759328738
1936499595,5355278581
1936355407,245655992
1185552511,4342420614
471581474,1647285852
969803897,1366986951
4569900113,245663765
1165370196,768651038
1654406821,245661316
4674110331,1388374413
2258304342,2248802664
2715411993,245661919
343357169,245657001
2715412084,5467677838
2715411910,619301009
3792771368,884429998
4328174193,2248801906
4759328556,4266876295
346611550,3204454627
296857832,245660051
1665624944,473130735
2163950402,2258304314
2804520152,1388374423
2804441142,2569297710
2250992724,3708879373
245668046,3205962214
1345343344,2248801866
1936295730,1185561951
4362576419,3484161099
2966349053,245658799
2249163593,3212163828
3632538484,1934768188
476480742,3203314214
5265559170,4264781644
245656076,1490200630
1388374449,1879817410
296353471,245657185
1165333820,4352245948
3244522367,1643264243
3212163838,1650385392
588620307,245679672
4632210503,1474897374
245657346,587976179
1648244748,2250795785
2249201922,4292887332
245665218,4644026871
4342420939,3206646528
1366901010,1490200658
861201998,1879818057
5271591177,1936499575
2221979762,471954482
1354745088,2224326570
1157625203,4362345211
2443056718,245668992
1366938355,1185812967
4233282126,884198587
1651404924,1366054386
2258304468,245669104
4366036993,4264781644
245656837,245668829
477627221,2233649048
4759328740,245669350
2715411974,1645906582
1642951796,475706113
867003238,4352245949
2249202019,3207627270
2622177269,4592100518
1936627912,5271602120
2249201943,2236680156
1184478210,3796632223
1185552511,1345329158
2250795710,471566318
1179340214,296849523
4352220364,2216352985
619371668,2245075905
1342988727,1990860600
4233303906,2574237462
2216352654,477237025
5269782627,1934768200
1966835499,610919783
357798909,2246661764
5477703646,245656723
5424413247,1154025452
867276639,667357405
5356842359,2244961956
3484161098,2247988207
1353467785,297140526
618691493,1474897374
1646854069,4625570733
1232644694,1960732281
2804418089,5354454746
1936499769,969803897
619309807,1511529014
4759328560,1366986952
245661372,2249268524
346611227,3289551767
2299255948,1386595145
2244961984,245663969
2258304416,2249326279
1375251714,1646155634
866749879,1186902062
1185815163,1366097698
2249268410,4265156704
245658407,245665270
245656761,1185812972
2176144837,482297139
610944369,346614471
632299700,245661424
1451876569,1879817699
1366900785,245654694
1665625327,1194191357
623885622,245668306
2715412113,1364168594
245658708,1366009071
245655079,4368992348
2610805121,3467538012
457458982,593054850
296852391,1916634261
3306535090,2186667193
1286752656,1650707790
2244962428,1351190420
245664947,1367093017
2221887613,1179340118
2897024519,1232644726
2614720126,1454673588
2688409918,2249268531
2247988585,245659087
1683617364,1344712206
867003069,2610804984
866731547,1366938193
2246661764,3736922366
495070939,347170855
2439202889,245660653
1936355472,3981439661
5477703668,615530407
2622177359,1586957749
4603207082,2439202836
245656487,858666041
4759418239,1386595121
347169923,1375215758
245657334,245660321
1232645007,2248800685
2647295173,245657703
458848886,2380867212
2897024523,2249326310
245659392,1647747166
2399105039,1451831897
864905542,1644085201
4264598335,5358254327
245656961,456215968
1286566727,1474906364
2244783988,245657575
1936627871,2246472118
2444311217,245655641
1647747270,1375215772
3306535090,1936627981
2178293629,245655429
4362345203,1879817410
2715411974,2242540515
4759328734,245656774
622060462,3747300132
1289850396,627835047
593054810,459139331
1233452315,245663119
4366151362,245663122
5426032041,3878367744
2216353235,2244962231
4266883448,245656111
2242610332,1645906579
1879817886,2246471647
1644098772,5346538941
1179093376,456145202
245655937,2442390176
768595339,245655537
2250251317,245659496
245659313,245654822
4233126850,2236680884
1936627930,1389428569
3216229174,2246472098
621244017,296357001
1966835463,984279500
2715412020,1366900388
1919753067,1366900810
631494009,4294895149
2244962449,1165333830
245658134,2192596462
2249163554,245675162
2236680099,2249202025
245661383,1879817837
1936355587,1906829003
4342420948,2804548102
473590723,2377780738
3878492909,1879817412
245668334,349131637
1351371722,2897024742
1934779427,245658333
3878649567,2249302205
456145102,5426032050
4235207450,2246661987
3708879401,768599579
1643264000,1389428546
2249268449,2804450686
3777263519,245654928
245657093,2568065861
2236679331,4264430456
5346620515,1367093112
866807200,1388374472
623039962,3637090322
1936355475,2246661752
347112671,864964221
245656223,1650345936
1366097253,296848795
2715412095,245668306
2804392265,1344712167
245663296,456157485
245657813,1185815163
245655898,245657227
4759328766,4625570757
2244784033,4357170875
489793266,4307040466
3708877809,1184123093
1232644097,346614371
5467677842,2244962118
2236679571,245661744
1643351845,245659724
245659485,2124840036
245657342,4309692379
4352228590,245667737
1916634192,2233871071
2236680123,1650800806
884403705,2688409925
1348001483,632311726
245655866,2377631375
3803645421,2237116149
2804491970,245675161
2442374451,4342421040
621244019,245657703
245667708,4233545114
1348001410,2804449484
495058971,2671308810
1936627981,2258304407
2124941135,1366097804
245655878,4361366459
3591927359,2568778979
1185812967,344582476
2258304427,3679879413
3878367701,2299255953
245668314,1287841703
1966835475,1289124424
1375252015,1388374502
3212163836,1166270334
2804449488,5271602946
4374680531,619129905
2236679475,2247988637
5291748975,1647747210
2246961183,2236681256
2377631520,1647016200
245677658,245658621
3708879382,245657714
4342420895,456193609
245669135,5345382077
245659041,2246472570
3217430343,4328028207
2897024534,3708879345
4362631954,5355278583
1879817565,1654406761
2804548102,2236681181
1490187692,245655702
1650164514,245656833
2221979774,245660066
1281462319,1650707860
2250795747,473698892
2242540462,3878559853
471043935,2715411941
1643031073,3747320993
2382034839,4294951709
1936499649,588597449
2216533683,245666105
590605931,245656598
1665625336,1366900365
866769280,245657385
347177243,245660620
2804443045,2966349053
2264152106,245667053
460702730,245663592
245661233,245663044
1375170805,2299255923
296848796,667357357
1388374482,1879817882
4116141245,1179093376
1652054262,2244961895
1646690966,2222708534
864905327,1920266097
2248802401,2258304594
4307239168,2442886087
489747949,2246661739
2439202883,1366795159
2892843872,1366986953
3878367682,1336408345
1157625205,357798619
2264152091,2246472606
3245617965,2246472279
245659471,245664111
615530407,2244962052
245669347,3878492895
2399395039,2715412068
2804576376,3708878488
864964237,2250825498
864976927,245667850
245663894,1879817907
1184072527,245663165
1232644045,296857791
245660503,1388374623
5470707479,489646159
2439202809,4632210373
2178293599,1640769665
245657643,2966349087
245665786,3797889426
1236410208,245659304
3207627270,494863940
2295481169,1728626251
3708879343,5477703685
2222708940,5477703690
296360810,2299496542
1375482733,2237026314
618760205,866879543
1936627899,2258304514
2399394952,1365949194
2249163471,245661145
1379760109,245659969
866839621,1375251717
1366900394,2381991867
1651414474,3206646528
245658740,1643351786
2236679313,245658252
2216352688,865063325
2249268408,245658789
245661905,618795501
245656159,1936627897
245658898,1579359112
2249201969,2392342421
1648244726,2244962506
2382029764,245663228
245657816,1386595192
1665625106,1375215530
620382314,3484131392
884375417,1165333859
1307547989,1184132296
2562413149,3878492899
245668288,528859604
2248801376,1366097769
2897024614,245668036
3708879296,4235052015
1366857609,619202032
2804565358,1643264183
2443096207,1167631563
1879817847,3708879394
2249201958,3708879290
1650707618,245674222
2892843877,1650707708
2381991867,2244637572
2224504059,866749863
1366097711,3708878488
1646762564,2246473162
347042249,1650385408
1169541074,623037784
1665625039,630700075
245663498,2236679289
2244637689,2897022082
631494019,245657129
2715412006,3737943427
245656125,2442536844
2264152052,1647747148
529589674,3878413350
245657972,2233649027
1307748804,245659576
4306947809,1934779744
1165333853,278918833
2233649035,245661331
5488442682,2715411924
1184071567,2442374470
1645886348,2216534590
1366901313,615530403
348128217,245656627
2244961438,296852382
1232644505,2897022094
1366009125,1936355531
1448109731,2564124657
5434937237,1307553684
866839625,1936627944
2439252015,588620333
1188784758,245670522
245668225,347182460
4342420721,2440075899
618675932,2237116262
1936627944,347172870
245661448,1647015785
2233648925,4343426716
5426032054,1367093021
4361515221,5271574547
4357170875,2247988995
4759328562,1650345926
1154216503,2242610342
1643134471,1165370257
2245075731,245662509
245664490,2233871405
1366900798,3732540595
1367092656,2244962063
1171845269,245667850
2054881921,3212163821
5494564054,4592100503
1975073680,2258304596
460702730,631487133
245660683,2897024536
1344339319,245659800
536771057,2245076011
245663010,245655593
2804551401,245660429
1654348792,1960732336
1643351847,1347496092
1879817705,2804565355
245669545,1934779760
5372158183,2241633920
1179217491,245659541
2804400695,356177136
474700960,2244962432
3803645679,4611102177
2249268435,245666988
245682061,245673740
3708879401,245661185
245682912,4675966259
700851670,245668275
1511531476,3212163842
3186480515,1388374426
1665625327,1651486266
471066613,1148581217
5372127878,5217918622
2249201984,2216469826
245664667,245666309
473676062,3591510605
2249268394,2233650692
3793874725,1645876429
1366857373,1179215867
1879817861,2439273053
3633836136,2237026600
250816149,630303556
4688603992,4352245947
1232644648,1184122115
2249201944,864915139
245657604,768600227
245663968,867276601
2249268438,245657291
2246472251,245660503
245660428,2379805339
245664934,245660696
245660235,1366857605
3382259894,245663172
619305015,245663930
3273736210,2216352802
768599594,245657426
2453954654,5346620519
245670397,588597435
768656607,1388354168
457462426,245656731
2233649033,347169483
1648244687,245658513
245661285,2249268470
1936355562,245668415
1248157173,245670522
472791777,3878413303
1647285909,2051567065
2442510065,1179215865
1936355556,296306339
4357151345,2237026555
3796394579,4791543825
4294951472,245666901
477281883,2216533516
2440075902,1647251474
5372158159,245666244
1919837847,4846915211
1936355393,2299255927
245662978,1356195532
1474897390,245671964
1654348796,493930537
1188784396,1650770681
3193011678,245655192
245659798,4696269527
3991587985,2246961194
245671244,4759328570
4342420501,2439202812
1179089888,245661436
4362728147,2247988544
4264598306,458848896
2128611152,2629945963
618792576,245674126
3878367718,245659313
2299255941,1179221131
347185453,245657776
1936355393,245657784
5434937234,1185815165
245656344,245657321
5271574548,2933891265
245682431,1157167347
1232644017,4352223297
2381992010,1169481166
1966835492,1879817582
2258304343,2233649033
590605947,2715411927
2128607199,2248802618
245656896,245656109
4294951690,245658467
1936355463,2178293596
1879817416,630678309
1934768210,245662516
2248801755,1386595156
2246961197,5130752084
4307040466,1365948969
346622922,2568065859
2258304341,2237026148
1366901170,1803669580
536673799,2246662785
864905396,1450725076
245673352,622017158
1647747196,245670700
2222291983,471048361
2715411900,2069691762
1879817849,245674457
1236410112,297110350
1646024530,2442514349
245678918,346621512
245659769,2897022092
1879817481,245662246
4357309666,1165333818
2399106345,1490200677
4235047202,1644086517
2439252028,2130342990
1165370196,1936294775
1351218709,245664742
2399395042,1645906582
245658547,245667882
343357169,3708877805
1650707626,245657744
3878413348,245658965
2258304380,864905303
1165333780,3794378170
245659569,2244637753
1287692114,2244961908
245669320,2249268403
2381992004,2236679139
245671507,2804520131
245671592,1366857605
590605907,1184070629
245657862,1169541070
493925065,2568140251
245669480,245658064
245678754,1879817662
473676018,3245675982
2246662785,2237026434
1960732284,1148582019
1165370254,1309903487
296346727,245660354
628597983,2216353159
5477703695,1289124427
4759328763,2249326361
536788292,667357327
245677203,1388374471
245657185,618662143
347178928,245663303
245657814,2216534625
5271592642,2244961594
4362526720,700725829
2715411927,559605144
347112678,245657078
2249202015,456145102
1665625349,2233649033
296857836,245662416
2258304431,245656185
1289110927,5340487126
2715412038,4352228590
2246472366,1345329138
1344339318,461831203
2248802236,4163135333
1179340217,1934779796
5477703669,1920242277
4362754060,2247988326
245664234,2439333857
4323078800,245657042
245657218,2715412088
4377556096,1451839129
2258304506,622030931
3803645430,3708879383
3708879396,2804551402
245660225,2442510074
2249268411,1188811567
2251057088,4426364315
622042582,623881389
1184480441,2216353309
2258304366,4644026840
623230181,618756591
245662920,2250825485
536784018,489646159
629022216,2258304422
2399106359,1346768887
2892843853,619306763
347106961,3306535090
245664695,4759328563
4264781638,1650164496
4357117944,245657839
4676916084,245658498
245655897,618791908
2258304415,1033655190
3212163837,245672970
245661167,1920266096
245659589,459656929
1936355375,245660296
4759328743,4611102171
245671799,768595331
245657576,245657400
1966835474,1919838055
3708879385,245669481
2371596476,621287159
3803783837,4611102165
5269782627,245670391
3878367700,4513730339
2439202830,1392429438
357798629,4294951487
245656010,1879817645
456188455,1388374503
620382693,620382328
1184072362,4625570748
866749877,3708879399
296353477,2246661186
494909909,2244637751
245659258,2236679166
619270636,245657104
2216352764,245668063
2249268589,4264598336
622042582,4791543697
3732540598,2245075896
1879817902,5292855390
1361559724,2715411968
