6439,8937
9825,8920
773,9973
5052,6797
4171,2836
8318,1822
7730,8932
5732,4815
1905,1032
8942,6873
8680,8699
8771,3837
157,1084
9859,1747
6851,520
299,1218
6589,9171
4408,8703
428,2902
6070,2421
2209,7721
9849,8699
8078,8842
7577,1744
8863,8588
2623,6205
510,1767
4883,171
9886,2676
1735,8282
3773,7187
1770,3230
8867,2511
457,401
6060,1771
4520,8694
6469,7980
3980,5966
9578,3772
195,9894
8604,5916
7463,5865
1524,7889
4682,3345
4334,3828
4484,183
8044,206
3661,1089
4466,9421
2215,202
8104,4798
6521,4870
2641,2939
9907,5516
4677,5277
5108,2304
2399,5371
5859,9096
8215,8194
1647,6568
1538,7239
5757,6834
2723,1824
8047,7123
7735,8350
8632,8736
2305,926
4862,2975
8946,4550
3977,5037
4177,9173
8713,1400
9292,985
3136,4711
5531,9259
5579,1427
6261,6940
7539,1768
1378,640
8543,2913
3945,6305
1628,2938
7226,9856
5485,8580
5436,9853
5369,6047
690,5536
3582,10
1372,4759
330,5639
597,864
1104,8389
1627,2456
896,7255
7894,1509
6811,8205
8978,1581
7186,968
5714,9079
1467,5021
1370,4753
5453,6153
5004,1117
7918,6905
7625,9696
8661,2509
710,8786
16,273
6284,8876
2448,2864
295,4544
4686,1253
8711,6147
2886,3959
4271,1947
2930,2424
9449,7681
5023,9811
2082,6225
6588,8748
7627,5487
5106,6925
4884,3584
3373,9534
3035,2994
5487,8994
6584,3168
1602,7441
7175,7952
433,4497
6052,2133
4698,958
4264,9456
2707,6691
601,1370
9773,9019
2219,3972
4213,4882
3910,8076
6215,1154
4550,4882
7385,7376
9608,9796
5099,3566
1490,7561
9029,2135
8595,2563
2978,9713
4007,6785
1688,5970
1071,7565
5336,8062
8269,4223
401,9754
7024,739
1259,8545
829,1339
8516,4866
3288,594
3519,2868
8557,235
599,1238
7000,8077
4817,1831
3582,7792
4856,3344
4315,4209
6628,5266
2159,2459
7657,3165
7467,7279
5571,525
3578,6412
2597,3274
5972,2812
9904,1765
879,7351
5524,5654
6229,8791
4129,7609
8071,9374
4359,1863
1573,2913
930,5782
43,351
2926,746
6813,5123
425,8118
4080,794
8502,4776
3594,8373
3956,2997
4262,2833
1058,7460
4366,5950
4149,825
488,2882
6494,572
237,3674
264,3144
4148,3756
759,3049
1779,5917
3961,6734
8134,6046
5581,7161
8132,3582
8318,7231
9913,9663
3062,9888
8786,6976
2897,5941
7403,991
2159,6075
6955,8872
4525,8190
9475,3873
9074,1769
2788,8213
6584,9921
5784,1580
4920,7316
7449,7757
8471,4069
8009,2744
6428,7897
2255,6759
7776,5861
1913,4699
2692,9856
6096,6494
2905,2498
9770,4483
3428,3304
2010,418
8171,728
5246,1175
4341,6602
8794,2383
8612,7945
9622,2318
3320,7095
6178,8163
6,472
2376,141
7065,5488
2876,4893
9159,3132
472,5587
5728,5932
4295,4027
8898,3702
8711,2330
6845,3297
1020,7627
1315,3809
8158,9558
3122,2500
7760,7533
9085,9601
3383,8702
794,1797
8874,3254
5254,7286
9829,3803
2193,3983
8599,9686
9010,2083
9747,7770
7520,764
5175,2450
4126,4505
2578,176
8189,2102
8018,3617
8783,4797
3983,8968
6955,1283
2912,9504
6639,6554
6007,3467
3978,8684
9938,6077
5289,9955
1350,7468
7020,718
7869,3236
9186,2875
7444,170
994,8971
4099,6916
9813,5162
4702,8478
2940,5345
5890,5722
1166,2374
7702,9735
6930,5413
8114,9446
6846,7114
7815,7503
6157,7505
3940,7900
5755,9688
5406,8773
1383,1785
9217,6686
7804,9707
1474,9572
1107,7118
4071,4018
8178,5623
3846,6827
692,3474
4363,4883
4276,505
4481,3466
7400,2602
8448,2466
5066,8766
2157,2975
9339,426
1231,5713
7478,2815
7549,1866
7884,2044
5504,5023
6108,1887
9400,2171
1666,8508
3138,5630
1736,1135
2389,5625
3828,6846
5208,5039
810,9149
1581,3185
4312,4334
6001,7671
2109,4208
9135,6532
1347,2113
4740,865
2257,5782
1424,4211
3186,531
1397,892
4914,2944
7949,4081
2558,4148
4336,4563
6044,5949
5846,986
6917,7666
3534,5294
5172,830
2248,4871
6223,77
8486,6066
8257,9451
4169,5751
3024,3511
8983,2482
9038,7277
3744,399
9002,3742
6610,7425
6380,6506
7598,3655
6398,3319
4373,2016
7614,870
8632,5679
2861,7222
1616,3102
1853,7498
5263,5443
9387,5604
532,956
5369,9356
1206,2653
3566,3673
224,18
5053,4644
2793,5910
3565,9927
2052,8393
9137,1586
5122,5311
8860,5536
3103,4144
3878,1990
5110,4875
8355,5838
1532,455
7261,6738
7016,6965
9751,5790
9480,8233
4263,116
4545,9312
4226,417
7358,6769
882,6968
9106,571
3389,7394
9439,8249
5014,461
3794,9465
5153,4637
9996,3124
7226,4498
5089,1395
2305,9157
2899,6060
2391,9094
390,4973
3121,5845
4636,942
4289,3892
6768,9737
4044,3614
3462,138
5253,2223
5420,9179
2190,1984
6329,6428
8158,692
7457,6223
1994,2756
2853,6013
334,9915
4214,5415
4313,1272
8413,7459
3066,8980
4393,2535
8707,6862
7798,5675
6196,5063
1721,9844
1793,8702
3367,7891
2426,9242
7887,9673
7600,5209
1579,1355
3372,1925
850,3122
4043,8225
3913,1222
4906,5095
1187,9500
8300,9704
2720,3996
7512,1194
6875,3963
1969,5084
1147,2614
1785,6741
5658,1015
4734,5512
807,4496
7653,5399
1976,7113
6948,4143
8126,2576
2618,3327
8107,8614
2693,2232
5028,9779
8879,6401
9015,6266
1637,7491
815,9148
2341,8435
1116,2782
2856,9098
5558,7207
2544,7862
5503,1251
6568,895
5185,8518
8602,5088
1049,5358
3485,6398
1185,8195
3957,4975
9720,6189
1328,1107
2724,3746
8093,2343
782,6770
2462,4366
4782,8303
4168,4782
3334,4881
5915,2095
9814,838
7437,2149
2498,7972
1108,3579
3069,6373
9546,538
5072,1825
7879,1914
4372,7674
1159,8694
6609,7475
24,5486
363,7378
8743,6650
6989,323
9980,7986
3940,2517
561,4396
1368,8437
9519,9043
417,77
8990,5231
6145,1006
7662,7376
9867,3610
199,843
4102,7372
9158,2436
5721,6225
3426,9649
705,4614
7610,703
6335,2842
4175,2499
7063,2669
8511,1156
7239,1003
1791,7899
8939,5442
4249,1795
7692,3293
5230,1613
6366,9392
9973,6826
3428,2202
4644,4810
2184,5155
1952,8526
7980,5085
4346,2633
7302,5038
8374,8147
4702,4670
2028,5326
9784,6975
5719,9191
634,5259
1883,9558
8245,7479
165,1333
3187,3105
4940,3576
3474,7211
4028,8352
404,5180
1365,8583
471,5075
8152,4535
1373,880
25,2857
49,3041
4567,7149
3641,2239
6134,8344
219,3806
2986,9643
633,8962
8012,8447
7560,7244
5570,5118
3144,8491
5129,5599
8238,7265
299,1167
1371,265
7492,9131
9912,4447
6527,5576
5422,550
5835,5659
3664,1455
5527,4483
2320,2205
1964,9980
4788,4996
9509,4146
691,1003
7254,5728
89,2226
712,5264
9216,7709
9742,6421
8603,1880
9018,7389
7681,7818
672,8086
7592,4376
3390,3472
1011,5569
961,7700
3827,8053
5405,5753
7673,3008
4147,1654
8708,2763
3822,3689
2279,5628
2900,8552
1679,2208
1246,6394
2583,2404
4697,3887
5141,9428
3968,2929
2810,5145
6030,6819
7980,8050
5890,5156
6515,6141
2002,5390
4330,5931
1329,8887
9746,761
4017,741
4402,2306
3197,7944
3466,6330
9529,9071
5821,2667
5606,1880
7172,8777
5399,6935
5533,3265
1589,4883
6739,3817
3945,5209
4775,3626
2269,5639
1645,3147
9208,4997
8850,2484
3290,9168
2492,6403
8552,5723
5446,1993
6967,4922
2315,3874
3621,2292
1064,9377
3683,6650
4128,4239
6373,4999
4827,2804
462,7098
5088,3283
2053,8283
8652,5776
3037,3915
7632,5933
5841,5987
6469,2790
2298,8002
5109,7676
85,1260
7303,5925
5888,8951
5674,288
6538,8593
3808,5215
9915,3691
3127,1665
4349,8604
3330,3297
5557,7269
534,8921
4400,7041
9167,8674
7016,8469
3510,5200
6468,6297
8761,8086
6558,6321
9197,2438
4083,3091
9673,2867
1820,1256
7806,1470
8793,1397
9455,9901
2227,7720
544,9790
394,5757
2698,9067
7834,2793
8593,2380
5436,5700
8419,9096
2439,5613
4303,9109
2972,2840
1514,648
6209,3982
3214,9626
5241,913
2046,7377
6778,6295
7496,542
7378,9964
3620,4805
8752,403
1811,9146
6888,8054
3685,6684
6221,4928
1139,1661
635,9070
4807,9275
255,2585
5353,8570
7953,7594
7023,1052
9750,8921
6777,5818
3825,4779
5665,3514
4379,4183
2141,6905
7196,6530
8300,8330
832,1699
5828,5479
1544,4282
2994,7396
8665,7108
1192,8136
3000,2631
321,3126
9764,2867
9072,3275
3397,6620
3166,6512
8550,9799
7436,9673
5933,1878
9909,5692
5910,989
6282,2911
9349,6681
390,2496
4909,5512
494,8612
9864,1219
8488,1982
6138,9543
2334,6674
7278,7863
3723,7099
3429,7908
7849,9618
1938,1903
4104,7253
3236,630
7019,5900
9184,6515
5174,662
1447,5316
2787,7593
6271,5314
3630,6057
6958,8485
4362,2742
8983,5311
1246,2333
6168,877
3090,7298
7352,1739
7542,7630
5717,2540
1292,7635
9745,3990
8697,1065
3898,9866
113,2827
5505,9691
7683,9791
1369,1827
8010,2366
8841,882
761,3421
3728,9738
6953,2968
5498,594
8671,8468
8002,2678
2837,2598
5802,8653
1070,9508
5404,579
1940,9458
9765,4932
8435,1085
9904,5763
4748,4976
795,2341
6629,1496
2003,4780
9396,713
9571,273
348,217
148,4405
3146,4749
8927,3317
7762,796
1060,403
1829,708
1966,4170
9310,346
5636,7304
2075,3671
6310,127
4271,875
1243,8569
9803,8115
6158,1258
9295,3231
4782,3394
8767,5184
2818,5931
6052,7195
5735,2187
2673,9119
3300,0
1104,9113
2794,5056
1403,1738
8420,5510
7415,831
7533,9487
4300,6297
3984,3305
1678,7848
2239,9164
1640,3419
721,3472
4796,7775
7981,8795
3123,2423
3552,6931
4433,4151
6046,1871
4721,6034
7227,2975
2806,4141
8403,1651
2978,4973
9559,4133
3556,6823
4196,4190
2017,5842
6451,3504
5129,1315
3012,4135
8837,2358
5483,7039
9096,4524
122,2630
7651,9119
6006,3614
1879,1876
791,845
9373,7442
5796,6802
9605,3909
667,6794
4949,6051
7088,2268
1790,6196
2766,3626
6767,6656
2536,8731
646,2734
6762,7922
7684,5774
1678,3720
7595,2436
1038,6611
1856,4026
4806,3174
5406,7906
1252,3941
1718,9391
1034,1594
5757,9792
1856,2978
3318,5593
9144,5013
1727,5144
8964,7728
2481,6367
6311,7358
7577,9135
1680,2363
8300,6215
9443,4880
6401,6913
596,5127
4353,2696
4864,6905
5758,4771
9203,7753
8778,8101
1763,7481
5435,2813
2263,6650
2860,2918
8138,8475
3232,4116
7104,5840
1519,8486
1098,6009
8321,219
4792,145
9662,1133
5503,3496
5692,8822
5591,3100
4586,1812
2333,4010
9656,4465
2956,9700
9766,6399
3990,4206
9801,5075
8569,9579
9934,3956
30,6012
3279,5399
1535,4434
3578,3911
5819,8531
3667,3514
3002,4193
7471,5511
5887,9731
3503,5994
911,7643
7248,6161
5656,6602
1470,6115
2719,198
3290,9552
9771,3358
5070,8720
8298,8021
6997,722
7069,6075
6279,4347
7720,2369
7579,113
1598,1714
5804,6741
8494,7611
3857,8472
8254,8365
9567,4638
743,4647
2396,1144
6902,3166
3909,1
6957,8314
8453,7784
1012,3467
1713,5063
8468,7508
1296,1486
4053,3733
3494,1563
5708,2504
9913,4985
3611,1876
1293,1693
1831,5679
232,5070
5759,4269
7296,7314
1436,5399
8346,3509
7177,7563
733,1047
6785,9332
1445,3555
8713,7753
8821,5258
2956,5494
6240,9663
1799,6829
5909,544
2458,4033
801,172
5198,3034
2104,3850
9206,1905
6062,8791
3141,8330
6310,1432
8610,4971
8812,5241
8620,260
7952,8944
525,8417
7612,840
238,8144
3456,8251
1334,8720
2896,513
1709,6573
6223,9663
2910,3100
3075,5194
507,8481
3803,3889
2578,2543
2405,6201
1966,9527
7866,789
9847,4315
8109,8476
8337,8174
2972,2358
628,4412
2156,7010
3391,4373
7520,2381
4120,4798
5671,7058
1300,2464
1563,4658
8989,835
5698,4539
6629,6432
9720,2596
488,4483
7487,8149
5239,7145
6907,3437
168,309
6581,5320
4615,9100
2309,5030
5234,53
9194,7005
5433,8248
4408,3369
5377,2237
5693,7452
4029,2404
4514,6445
9566,3054
5330,3682
2556,1330
1549,9962
9549,662
7285,5339
6600,2902
7167,3861
174,1992
170,7743
2802,4963
9183,4302
5978,4462
7555,3069
4203,132
102,4072
7014,3206
2932,6799
7714,3963
2413,9009
765,1694
3671,7404
7814,7208
7863,3334
8150,3000
6575,8994
1209,3053
5434,7528
2750,2536
1968,1321
9412,7601
2877,1810
3222,7451
8963,5314
9639,9393
8186,6064
2317,7229
1790,4923
6478,8383
2414,9095
3889,1999
1529,4966
5001,7174
2090,8610
6524,1873
7257,6464
1132,2538
5157,9586
9818,7147
8914,1753
658,5012
5450,1944
6253,2381
1200,2532
5465,5434
5745,7035
2069,3975
7837,1940
8160,8011
8880,8766
6611,4698
6141,7012
7061,1122
3699,9041
1862,6704
918,5337
3776,5091
7122,3736
5859,6419
7110,6858
3459,9212
5637,6634
2407,8532
5311,3930
9600,7967
8376,5721
3823,4443
4398,6694
1663,2830
2274,1202
4406,6082
963,1186
1481,6
4823,6859
5478,5636
6188,4878
3000,6214
7224,2755
7455,6284
8,9887
5623,4987
8263,6524
1927,4956
1534,7951
7786,2803
2716,2104
8363,8549
668,7655
8885,4530
5974,2209
8087,1112
2451,3218
4107,3856
5181,9875
3957,3034
9728,1981
6165,6511
5492,8567
3002,6080
2379,2038
9974,3735
1434,7138
1622,3964
5072,6899
9658,9921
5943,824
5088,6607
9824,1574
6857,8027
3040,6712
5771,165
1208,905
931,5352
8991,4769
7746,8676
3453,1003
5609,4944
2792,2255
1619,1467
4372,8911
1861,741
7781,6991
6239,512
3375,6721
6816,9616
3873,3750
4844,359
9154,7669
9979,635
3466,6851
5703,7785
9242,7268
1614,1316
8536,3541
451,9061
1905,8147
3891,8510
6304,6931
9711,8937
5414,9035
5861,6232
8690,9545
8907,1627
490,3448
5573,6918
2828,103
7547,5081
3671,9295
3574,2193
3815,928
4479,1842
1683,9269
6681,9652
1801,8343
1624,9535
270,4481
4038,5977
8959,2343
9988,56
7962,6291
7094,1927
9195,816
9746,5929
4134,4599
9236,6768
9769,4316
7810,5008
9292,6602
4656,7107
9034,5006
2105,8064
1683,6850
4703,607
8331,8099
8891,7346
349,8505
3517,8877
6908,4541
8568,9457
6014,9828
5390,8978
5252,2424
5034,3384
6094,1403
2988,7558
3918,3125
8479,4512
8564,6290
1567,4194
7966,5494
1941,9707
164,6723
6707,136
9940,211
93,8011
6373,9864
90,3269
3022,5414
2530,4168
4189,9390
331,8609
2540,1073
2245,1834
1746,7404
8737,5433
3396,7238
349,2432
2479,5428
8318,3956
7957,4264
7284,5756
7372,7778
5800,1445
7180,8245
9724,6375
887,777
8683,7568
6196,1620
1798,3911
8516,6578
5671,8206
9855,4165
9580,1676
2997,2818
5528,6933
7667,1078
8532,4982
269,553
9945,3431
326,1802
3401,3098
8539,3972
4900,4965
4289,8877
8871,4925
6192,6935
4101,2850
5963,4073
5573,3825
7389,4068
9295,6503
6596,4971
2623,9749
7260,101
8232,3052
7161,7796
1286,4585
4361,1612
6003,1948
9072,7725
7722,3791
3180,1526
858,895
5194,3099
8813,5399
8306,9514
7651,5681
4814,9894
1670,9872
1828,8475
2165,2922
1109,9534
4225,5509
2734,7655
9877,5939
3846,9164
1494,2365
2910,5474
2752,3609
1262,3180
7131,2892
9071,1469
3870,6307
9366,9991
7242,2525
6644,1376
7427,6737
8397,4164
2055,780
2757,4664
9093,386
2658,9395
4839,4961
2070,3282
2878,3482
3635,8795
1083,5181
1518,5829
5647,303
6273,6582
7584,3973
7304,6735
2144,7083
5900,4585
3865,81
4009,9348
1938,6744
2300,1496
4763,6834
9160,5661
8995,8200
7646,5658
5662,1202
6892,598
8260,8460
9223,4860
6933,9814
604,6160
8875,6734
3474,8693
9421,4146
1944,9316
967,6434
1579,453
8712,5906
5566,8406
3004,664
7669,4819
2624,2060
4063,7625
1367,1553
837,8784
6944,417
8415,8609
9079,8396
713,4015
2074,2618
5116,8803
6989,990
3651,4922
6023,3697
9357,6508
6183,5972
3958,5851
4221,6907
8077,5783
7216,7839
967,9343
8166,5500
2245,5963
5599,3703
3891,9130
1131,9637
9829,2100
1747,9245
6067,4705
1337,9354
821,1645
1287,1220
8397,3213
9610,6314
7415,9878
4064,1902
2880,7802
3228,7151
9339,37
4460,2926
817,4938
4290,1292
9192,3085
3782,8985
1299,9020
8037,3702
7760,3867
6019,7980
8358,7880
410,4812
7769,848
3373,2559
9115,3762
4887,9085
9928,4620
3683,5367
4690,8716
7184,5287
7060,1332
2372,724
1113,8400
276,9403
2640,5917
7827,8661
5204,5736
2216,5607
2021,1510
9393,4439
5525,961
8569,5281
1159,6439
1063,2595
5406,1625
6298,208
1719,5255
1652,6503
509,7335
3209,2941
3160,5151
2281,5599
4995,7401
3874,694
959,8112
7241,8537
6344,6581
1347,4262
7532,4282
8919,5868
9939,3909
3584,8939
9523,3623
7679,7531
3005,9126
6795,3472
1138,6475
9271,1909
5705,5205
599,8280
1100,6728
8337,3599
8132,5390
7415,9128
8770,5766
1848,4759
2075,1585
540,3212
7536,9067
1284,606
6005,5029
3264,7082
5675,9878
7489,319
1529,8417
3436,3396
3497,75
831,9597
2665,7436
6937,974
8749,367
9269,6091
2458,6240
6924,934
557,9919
5501,3264
4788,5915
5809,8807
9380,8888
9516,8329
9268,6354
2195,8037
712,833
9655,138
7319,739
9973,3125
6254,9057
1838,801
5166,6372
5876,6865
8473,6206
6841,4303
2984,9236
4746,8015
9198,9657
588,7893
953,2656
1190,9922
9644,8467
1928,6594
4675,2453
2076,6698
7844,6251
7932,8583
7381,4644
8622,6585
9882,8796
9444,533
4390,8109
6706,5753
75,3269
1902,4224
948,8473
5709,9850
5160,3942
6617,7412
3638,1433
1023,6852
6066,2637
5348,1629
2409,5607
5937,2871
9217,8128
9699,5955
390,9664
5691,8190
229,1846
8780,88
350,5886
2610,7180
3513,5109
8420,2615
7131,8809
6289,8101
9794,9949
5176,183
4014,8365
6804,7790
3542,1646
4548,5000
6812,6183
285,4696
3630,6450
6482,9551
6963,1104
3201,8055
5644,3970
1686,20
7844,3247
838,31
4413,8672
1449,3864
9151,367
7485,4296
7442,6193
1298,9721
7113,9692
5169,4935
3117,2577
8328,5727
9257,1314
1304,9293
4821,6060
9749,1140
6673,179
2875,5005
6657,1458
6443,9677
8224,372
8181,6453
8663,2445
743,8629
1320,3308
794,8996
6194,5694
9115,6462
4412,1429
476,6387
7020,5752
8960,1899
3267,1359
2785,534
978,7098
1029,1178
9126,4940
3198,2423
5328,650
6651,5152
7180,9028
2288,6509
5428,562
8582,9942
164,3896
3088,8642
4856,8706
7136,7191
5960,2899
6265,4399
7639,3819
4583,1899
5548,6226
9200,5963
4606,6542
6561,7825
9462,8538
3441,732
5485,4574
748,563
9309,7159
8902,491
4672,4117
9457,8311
3529,2327
2185,7838
2766,3875
49,271
8095,4159
9690,4560
7725,8753
8443,7152
98,5448
3150,4792
7269,2969
8888,7251
5334,5644
4611,7287
6819,5502
2801,7333
8621,7547
6066,3352
1880,6151
412,3118
9520,410
4427,6513
5611,5706
3351,7612
5434,7297
2157,5893
8638,7742
5784,5749
7008,3492
5327,5790
7801,8846
2957,2900
1241,9519
3436,4870
5395,3855
5417,6752
5058,48
7542,6483
3385,8678
5486,1172
4685,2232
9679,8023
5830,3895
7240,8834
1368,7318
1759,6827
9496,5095
6684,6135
8885,2238
4968,5719
5921,3856
4517,1661
1636,810
5776,204
5105,2973
6203,9815
1903,7743
3782,6180
4517,6760
5364,6895
3628,9870
889,4242
9475,5233
8402,6879
1919,7029
6452,8313
9673,5604
4196,2421
341,1935
2705,3112
6918,5067
1796,6141
528,3708
5001,9104
5913,4395
9446,3093
3574,9990
2838,2776
4938,7277
4830,8143
3969,2084
8236,7798
4404,6666
7171,5178
3474,1375
212,1369
2813,4435
9353,1704
9851,9375
2772,9406
4609,8970
4503,2109
2205,995
8496,1573
1389,8392
7260,7718
1825,5275
53,8352
3392,6918
7103,6298
5134,8972
6498,7933
3684,2166
7054,2417
7493,1643
5609,6721
6683,1940
4699,2093
5861,3800
8164,6647
2228,9395
7289,6521
5236,5249
5734,6673
5178,6610
3438,8752
6903,3850
918,6197
3545,5601
6114,4066
8222,5820
3025,3598
5237,5562
492,5201
6206,6087
7408,6330
7534,373
4219,1569
1480,8092
7440,1150
9909,7486
7066,2977
8475,2392
7314,7452
2279,2596
29,3595
1673,6337
1291,8694
8415,9494
1868,2417
3366,759
9622,3042
8608,6937
4227,6139
9135,1231
1976,629
8755,9321
9620,5220
5983,4767
899,9260
8670,600
4664,6172
8713,3385
4100,8553
894,7176
8185,7072
9522,5110
990,3740
3243,8887
9067,2646
5336,6705
7552,894
7561,8805
8706,984
673,6307
3488,7153
3463,3745
6825,4848
416,8042
359,8434
2723,8728
675,3455
8083,1781
1933,6711
7523,9860
5102,4427
1020,8114
6859,1166
8278,9870
7254,2892
5324,7171
8285,1488
3871,840
8260,8530
280,8341
4398,931
5116,1527
715,5257
8665,3787
5617,9141
4487,9670
7377,4806
3227,3984
6892,409
7649,8853
2457,6800
5107,3285
8909,8544
6073,1603
8459,3962
9432,9735
819,2040
5340,979
6800,9945
2466,1504
6999,5479
4972,3547
713,1765
2426,4047
106,1679
6342,2710
128,9459
1926,3396
2591,9789
2229,8834
9466,2649
5818,3899
1105,2425
1743,122
144,6528
3516,96
9218,9612
9228,9282
1919,2220
7212,1583
9919,4718
10,36
6512,3875
3652,5185
7321,4924
9058,3651
8560,965
9990,6693
8504,8574
9633,8511
3483,645
7142,7168
5882,1121
6172,9694
3283,1508
9834,5967
8317,5382
2729,7332
8062,4070
8421,496
4171,3646
1861,2617
1449,7340
6441,8459
1270,7404
7055,4713
1941,1754
4633,958
2429,5771
6318,604
909,5638
1568,5474
7426,8145
8325,4822
9495,2701
7689,5854
8655,3688
9811,3853
4808,1028
1395,3639
4284,8085
2992,2939
9458,8519
4138,304
7722,4190
8038,2167
2334,5549
690,2139
7019,6437
6652,5746
477,5925
7517,7449
4700,1803
9699,9590
2847,2748
5476,7810
9523,480
6500,8466
7871,9443
9227,9397
3094,675
4921,7392
4419,5542
1445,2645
8605,6248
9645,4298
411,4959
4312,722
8945,2642
3233,8067
8308,2361
8277,9092
3552,7261
1908,985
1181,3662
5669,7301
232,9957
9387,7045
4639,1472
2651,8013
6846,6164
4087,4133
8165,2687
5115,2259
6579,3264
3848,1658
7432,7157
4457,1613
630,4386
2370,3172
111,2988
657,9768
3392,5580
334,2464
604,8038
796,2866
5664,8443
2068,8512
1602,6558
9053,8303
7114,147
459,5817
5523,3606
8104,3878
1898,6687
4187,1027
3235,911
8694,3255
352,5158
1539,4824
428,5405
7574,9531
2125,5418
3831,754
4214,837
2353,5020
4311,2590
2788,4805
688,1302
4499,7396
720,6915
6013,3417
9022,8043
2166,4092
2754,6315
9638,1497
9447,9195
2063,5055
6574,102
6512,2832
4962,1680
8315,4038
6532,9758
2786,401
7207,100
5516,5985
392,2708
7313,755
9765,9071
6679,4994
8544,7620
513,4062
6658,3380
4785,3549
9454,3172
2266,3155
5394,298
7189,2319
8958,9639
5719,6755
4371,649
5289,7246
7599,2247
5284,3942
1297,7711
5144,7096
6413,5113
4516,1155
9604,8443
4732,4488
9683,2673
7282,7429
8604,5049
9474,9994
4080,3208
8716,9502
7933,5707
1226,5859
656,6494
9420,4187
2406,1748
1901,4418
1399,9770
3632,2100
4054,8747
9450,9420
4447,162
9452,4616
6030,2557
3722,8248
3977,8371
1805,9556
5231,2226
749,1947
3368,5186
6591,4112
8075,8238
899,684
9773,2602
3496,4015
3315,1854
6442,4883
1131,196
2396,3878
3198,8055
9126,4421
7447,7053
4168,1039
4470,8663
7239,1190
3323,3822
6940,4622
8100,9290
5819,7829
3997,7277
8034,7486
5069,5632
5747,7171
7663,9549
6479,6384
9481,4059
6360,2347
3523,7794
909,7376
6427,5206
4799,9776
5014,2786
5841,507
1962,4090
6685,5735
719,109
4537,1579
8692,2087
5418,3810
3630,4344
1485,4556
4269,6485
7755,7780
5942,6294
7756,721
3305,5229
3874,9020
2850,1310
8199,612
266,788
4457,1522
1997,2697
4397,7131
1885,2821
3208,4516
5711,5157
8477,7692
4339,7030
4645,6795
5889,7213
6036,5472
4174,5012
110,2228
5974,5159
3064,392
2830,2629
9125,589
9248,9379
5729,3332
3504,7216
9990,2467
7872,7945
1111,9983
2905,9584
7420,7488
2340,1580
6281,3128
2840,4307
1392,6538
8347,7394
3325,3923
7442,3173
8465,3417
4965,604
4286,6216
395,9781
8540,3055
3857,9085
7896,9446
4606,1344
2010,7677
9810,1213
4032,4546
1915,556
3174,1988
8193,5244
9766,7552
286,6156
8274,1815
7935,3703
2847,1285
5647,1805
15,5696
6120,9252
6016,8103
1877,1506
4613,8016
8392,7964
7345,6967
1754,1736
5185,8681
6494,7779
6374,1397
7020,7193
1404,7701
7591,1725
7978,7064
9126,2083
3845,5326
4063,7777
755,7804
2406,1137
5713,5671
2129,1283
4540,9029
7904,921
3596,3813
1814,1510
3795,8062
217,5657
4694,4857
6058,4989
694,9552
754,8565
5039,2219
9591,5583
7892,6614
6383,1780
6136,8409
2388,8771
1879,1889
5874,4973
9229,9825
6061,3433
4361,7956
6140,3664
6307,599
6609,8024
3532,4929
2484,2866
5850,3659
8563,3987
1227,5879
7575,5824
1391,3807
5109,3292
5132,266
2266,7399
990,9300
0,6512
3581,735
7288,3414
2705,4164
9064,5260
9042,8324
3047,167
2225,3140
184,570
4779,7218
8609,2596
3883,1121
2721,724
5337,8755
8942,5781
920,2863
950,8417
8672,1407
6918,1572
2464,6609
3449,2394
5553,8149
2494,1429
3657,5419
1595,2556
4573,1712
3896,5626
2717,6657
5774,7461
434,2273
1150,5210
270,3766
5972,9551
520,9199
1549,5309
4338,8779
9055,4173
1117,7178
6990,4309
9405,7933
7386,765
8999,8353
9,7359
9243,8866
2594,8024
8230,6872
9696,9688
515,8431
7337,2316
9398,2101
7375,5830
7864,5191
4724,5553
1176,6648
2060,2216
6168,6094
8015,7490
3805,6719
1668,9075
2551,6325
2079,4235
2869,5749
4466,9926
6436,870
1530,4277
6171,7579
4335,8529
941,2002
4226,3345
7438,2443
3782,3073
1271,411
4866,9543
8026,343
2656,2443
5464,7862
4245,8362
6988,4723
9502,3500
3456,7053
8435,5264
4481,7447
81,1181
3317,6859
6140,5087
2472,9986
346,5182
642,223
5951,6920
8317,9517
3293,253
8878,2024
7006,6267
1563,411
3924,6405
3880,6307
9698,2697
8411,2624
8681,4642
7246,5267
2298,5196
5188,8841
1444,6058
6308,4678
3573,9527
1281,7271
229,3687
7146,2456
399,4713
7210,4587
1197,2935
8873,948
471,6300
180,9592
9100,2368
2987,6891
3661,2285
9996,3613
7715,7319
7711,7999
4775,6153
5590,7078
8368,2899
5613,1994
8572,9695
6284,1642
3064,3029
2602,7470
7749,4434
7211,2704
7965,885
2061,3849
5608,4207
3138,1764
747,3562
8239,2995
4716,8873
3191,3976
9103,4036
7032,9691
3304,8610
5224,8130
676,3148
8400,8371
2942,7408
9214,6842
7321,2358
2531,4525
9029,2585
7204,9553
3305,9425
8748,4685
5927,940
5607,4759
5543,481
5177,920
6769,3434
743,6525
2042,946
1433,6430
3184,2110
8644,3651
8662,3891
3797,880
3059,7012
90,757
8591,3649
6236,3385
5295,9768
3288,1040
5095,1154
3269,8118
2788,4972
7752,9289
7048,8452
6536,2312
1834,8050
9486,778
9276,3225
2079,4711
4551,8925
6629,5187
458,4787
9374,9305
294,6023
700,8585
8145,6913
6433,5016
2022,4107
4358,222
375,4906
7875,4589
6810,8086
612,8962
8256,2276
1576,5117
2102,611
7768,9872
8182,6992
5711,6246
4508,2256
4370,2985
3001,7520
3509,7812
4910,230
3259,2923
9697,5319
208,7316
3459,7033
5368,7170
2442,7761
9563,8601
9104,1416
6811,6300
2537,2192
5860,1741
4615,348
7142,4817
5126,4158
9008,5838
8995,4342
7795,7802
4655,7226
4342,6787
5702,9462
9643,4072
3967,4780
9924,7502
2269,4592
1416,8094
4635,4789
3814,2990
5808,8043
2624,1004
9915,1131
55,2749
9523,8650
1886,8268
1255,461
8491,3421
7369,8764
9809,8159
6907,4663
9299,5844
3327,9865
7538,3267
3749,5402
7528,1863
2061,2442
3247,4437
6973,7131
3194,2025
3433,5089
5647,640
3491,4446
7528,7446
4146,68
4352,2207
5296,1633
189,520
1937,8838
7604,2019
9979,970
8890,4939
4581,3004
3979,855
7788,1373
3937,3843
4110,3342
6200,7998
6407,1888
6336,3450
4049,3650
3159,3006
5161,9666
955,7131
7631,5765
2202,2824
1157,6120
6041,8959
3062,1968
2157,8935
8245,8616
9405,7209
7629,5725
8156,2828
7395,1526
6823,7187
3314,7127
4256,4173
6585,8147
5613,6439
5203,6157
1216,2850
4104,4245
9445,6639
8996,9927
4992,5315
6704,7897
1763,1113
5517,9279
6682,7963
9860,70
2859,1918
5882,9468
4935,4373
2510,3423
4088,6778
4493,1095
4856,7080
2632,7166
1895,2369
4261,799
5764,8591
4079,7096
5313,3615
3556,2009
1088,2554
8886,9908
7865,3583
8424,5664
6467,6187
2093,2367
3882,591
1320,3169
8841,3797
9563,9464
139,535
501,4524
9630,4536
5704,5788
6288,332
1257,6702
5411,8672
838,8288
7210,7294
3629,7879
4295,3434
6355,981
8101,2042
9859,5371
399,1214
1594,7387
4125,7643
9346,3221
6505,6435
1820,3915
8554,7343
7359,501
188,4934
3319,2149
5644,1901
6830,464
4769,2260
4847,1692
6678,8189
4215,2069
2770,4972
5326,6272
8876,9619
1921,144
9540,580
7526,1711
1905,2439
7525,5827
8027,8088
3448,9990
5536,9384
4968,6958
5185,7276
2677,905
1592,6186
9697,3476
6578,9175
1480,1561
3054,6305
9576,5646
5704,5975
3599,8571
2711,9008
8089,3945
1235,6601
8717,9702
5361,4472
2957,718
6756,7177
8335,8320
3910,9774
2868,8250
9463,7549
9928,6600
4720,8887
8053,9799
4837,6768
2380,30
2927,714
3125,6491
338,5433
6531,8870
1220,8738
9943,8398
6876,9193
4811,4285
7574,7519
7930,3787
7774,2822
8045,8523
594,1277
4367,3819
3420,6553
354,8310
1953,4958
4769,4806
1918,9113
3302,9800
6614,1207
431,380
5001,1841
8012,182
3204,4447
1593,9052
7996,2393
3665,8622
240,619
5221,469
2037,2646
2305,9919
6690,3271
8743,2078
128,7772
5004,4558
8604,165
1356,3709
5305,640
2675,3846
9288,1386
6959,8239
6579,3072
8953,2975
582,4864
8194,5573
5951,358
5983,7114
2516,6066
3699,5772
3827,6259
2352,4252
6881,5541
3261,4538
2063,5423
2692,711
2519,6943
6945,3147
8773,3663
6989,2844
8377,5670
3525,1897
803,2074
6862,3912
8191,8602
6254,9094
7555,7899
5543,5268
5721,7602
221,1792
157,4865
2342,8509
5546,7207
5996,4644
9602,2380
5830,6077
6707,8885
4377,258
601,5938
9979,4055
9250,7082
9950,5337
7658,1240
3845,6320
3699,5012
6147,2678
4906,876
3813,3800
6768,8259
6364,2206
8328,7934
1784,6573
9462,4053
6974,5683
5084,1934
4392,8507
4642,93
928,202
2824,2518
7744,1054
4257,1025
4497,1539
7061,2586
8221,7401
2939,4711
8683,9546
9782,3036
5705,6213
6688,6455
3195,2734
3013,6901
6725,461
2047,4876
7878,9946
9199,1825
5617,2433
5369,245
4598,6717
6872,9711
3712,124
3100,5525
8285,2774
9018,9880
7108,4545
3361,937
9268,7477
5106,2626
6475,7171
6471,1588
7540,667
1460,5942
2106,9761
7971,1169
577,2316
7071,1791
8990,8276
6357,7201
7803,629
5832,9097
7094,5776
4437,3149
1492,5137
361,6998
2411,8664
9376,2902
3568,2646
361,1058
3570,5110
7427,6768
9659,3475
3523,2004
4065,2830
1648,8898
5827,6837
4529,7418
6852,3693
1733,2609
6605,1257
1236,5882
924,3297
3912,9335
7230,9760
6685,5214
8821,70
5182,4376
5116,9812
9223,9333
9869,8155
1081,4738
2802,5164
1719,8733
2651,855
3830,6870
2001,9673
1793,6679
3750,7683
5520,7179
4643,2477
108,8980
5411,8152
4590,9369
2751,7084
1057,4454
9960,3899
1470,4967
2167,7929
4608,6358
3771,5848
7306,1496
9976,7349
6756,445
2452,4229
3833,2846
7555,4708
7601,3251
2262,4959
2901,9326
9096,8184
9106,4941
5286,6828
1078,8868
1318,703
1250,205
4278,4759
317,2765
6852,7120
6959,682
7857,2483
6147,8961
2263,6528
4853,50
7434,2192
2684,9950
2304,8701
5260,9663
2763,9115
7282,5270
782,3462
3078,993
8680,6619
2933,9806
7224,6676
2761,6436
3394,1824
143,4013
6506,5874
1590,1937
7766,9315
346,8225
7364,4103
2863,5117
481,9851
7730,8023
1349,4663
320,4474
418,7123
7781,5455
3856,4739
2413,6445
9229,190
5182,7322
8015,2497
3691,3286
5703,2028
7833,4530
595,2726
9584,263
5779,4548
3884,9535
4537,9907
6417,274
9307,8631
1109,312
1615,7104
900,4763
8454,4294
4512,3904
3847,5203
7628,7066
688,5703
6029,9817
7323,8238
7520,4851
3377,8729
1216,4862
7712,4893
5062,6864
448,5759
397,1822
2361,7313
5020,7243
8078,705
9324,5716
407,8394
3497,240
7285,1745
7958,8580
9504,7452
1267,7272
9789,9089
2869,1445
4573,7625
5348,5372
3610,8403
1227,7979
3609,6527
9998,2963
8863,7634
4054,1152
3735,11
1383,4115
6848,9174
5838,5271
6641,4247
118,8546
9833,9620
3530,9005
4095,9656
734,4330
6076,1343
1116,6614
4692,9530
5830,2896
8798,5675
9488,8399
4873,8985
5132,1042
1868,4621
6452,1736
9256,6683
1922,9455
4661,5368
8774,3722
6857,8158
3219,846
6261,586
5960,1400
1109,5951
9061,55
6057,8062
3236,7316
2360,1727
3900,7244
8995,4918
6298,2890
7426,5777
3476,6958
5517,2146
591,1402
5237,238
930,8652
5922,8817
8829,4310
6432,2331
3171,9882
1476,5202
8447,4747
2656,5414
535,9486
5617,8
7951,2822
2721,5940
8089,2009
7317,5385
6663,1020
7083,2368
6450,9812
501,924
5484,506
9327,4499
1441,7129
4240,4764
2087,5218
4904,1343
8259,7519
7082,9926
8170,9163
8463,9733
9540,9496
5337,3897
6586,8766
9627,8746
6467,2802
83,2579
6607,2143
4522,3132
832,7227
8384,7178
2042,3104
2491,3365
5073,8876
6044,4800
9923,3003
1863,3246
1616,1484
3541,6527
7226,6631
4447,401
196,4999
5922,6437
2519,4639
6991,512
328,6906
5117,2217
4272,1340
1262,7533
9442,7631
2327,9033
2958,9374
5440,1819
1786,5124
8364,1452
8276,9574
2990,9755
5900,5722
5362,948
110,4096
2471,908
5040,6683
1846,567
5797,2922
3851,9212
6557,7181
7308,524
4817,9473
2011,5695
2428,8070
859,685
9619,2625
6688,2807
4388,5187
3803,6654
8180,9335
6306,0
3469,7708
8394,5566
3772,1369
8507,8322
8822,6304
6893,5524
7329,1694
8003,6344
8370,1299
3744,5541
6436,8401
9437,4869
3247,1128
9094,7290
6786,1436
4732,5492
3006,6600
7915,6608
8821,5535
9667,7625
3107,5957
2339,8385
5682,6320
9747,5318
8833,4362
6091,5583
2408,3498
6488,5954
2248,1544
4829,8930
2040,157
9779,2886
8560,8038
520,2928
5588,5994
2652,461
5635,3812
60,2447
1034,6901
7466,9922
3768,6207
6852,6618
669,2518
4182,3717
7870,8435
6412,8970
3197,9515
5965,1241
7066,4429
9451,541
7001,530
7904,2073
262,9456
5578,1238
5491,7077
1546,2886
7596,1873
9383,4011
3767,2346
2251,7472
9768,2050
8596,5408
1393,7714
5438,7104
95,6238
6376,8229
8252,5316
5942,8935
9792,7459
661,3693
7203,1189
4698,4505
5215,9977
5089,9475
5351,3474
1908,2200
1815,4982
8975,5664
3063,5600
7138,4540
6553,1459
1276,4658
6473,5308
3678,2953
3526,8380
472,9918
3500,2166
7207,9154
5696,917
8752,3963
1520,8136
3949,291
510,1522
8470,5364
2688,1969
7133,5704
2782,7945
7016,3168
9673,8538
9833,5727
6405,8830
2826,8160
2900,6159
879,3144
4091,7417
6583,2150
3816,192
1975,2247
8047,7064
6208,9056
6058,4705
9351,683
8619,5882
2793,7711
925,7901
1401,2084
4351,8308
6410,4485
7967,2500
7997,622
9296,7261
8215,2694
3558,3274
8552,3358
77,2391
928,5047
9248,5616
3416,1310
9496,6602
6424,985
2480,9635
6822,6375
9504,3828
9679,1657
2668,2148
8616,1228
7595,8206
1648,6070
67,6986
5397,4429
5030,8778
1865,3810
5925,7103
9584,4598
1785,5310
9076,5298
6192,7244
335,6562
363,2273
8948,6398
624,4983
1053,635
3554,8523
8945,6897
9436,4485
5866,6264
651,4917
9704,1384
3099,4896
3337,8772
6707,4620
2699,1837
5143,1289
6826,480
2940,4330
254,7031
2288,3832
4821,7626
4542,7182
2485,1293
9390,1249
6606,577
9543,3644
7137,1153
3335,4235
7886,1009
5810,4741
1575,8626
4274,4093
1181,4627
25,6713
9121,3510
8355,9434
2840,8034
9484,462
4420,6219
7948,6311
6424,8219
1527,871
397,2080
9981,4784
7614,842
5890,17
4435,7697
3775,5246
6661,7616
9928,8774
893,5005
3438,3807
7449,3198
5471,8438
4349,8557
9824,4295
4527,2931
2728,4513
4796,2582
6474,5297
401,744
8411,5671
4779,9921
6165,9113
9563,4172
7238,2738
1729,46
4983,5824
377,9938
1062,6047
6446,8815
8215,3724
3179,9307
6260,1564
7800,2859
3856,5796
8202,1507
2763,3899
126,8309
9803,1762
6288,6151
3718,4377
6306,6446
9464,8062
5311,5266
6631,2719
3405,5491
6571,3278
5811,110
1035,3797
3863,7968
2880,2198
254,3533
5740,3891
6186,2846
6608,3707
4828,8690
5097,5492
9090,3489
3732,8259
5422,4471
8870,1008
7689,2399
336,7037
1235,6314
238,501
4647,312
8214,6373
4586,3857
6386,2992
9999,3424
6535,2212
5032,8635
7718,8745
2970,987
1670,5095
1993,5517
7151,7851
9405,9213
2999,5855
8750,3512
1011,4113
8936,8162
5460,9259
9094,5494
4204,8114
5431,3942
4029,2983
3448,3027
8602,2958
8918,1617
4589,5257
9222,2144
6836,6257
9688,9306
9519,12
7165,7960
282,9667
5892,5241
5304,3796
1839,375
8304,2250
7679,4912
6494,1310
9170,2652
7916,3506
97,8627
3707,4693
5282,7590
5455,3012
246,1982
9333,4868
1153,3600
6647,7838
876,1864
7931,7275
3561,1836
7018,3393
1014,4285
1607,3649
7579,6646
6509,2769
6788,4543
4042,579
1467,437
8543,4226
3535,7918
1320,1134
395,9462
5980,6155
6586,7859
7845,1576
6963,4879
8754,1014
5837,7536
1316,797
6952,11
9301,8111
7931,4997
4854,8505
7971,43
9059,5651
4612,3818
8614,5570
3121,5647
6806,6680
1480,959
9558,3979
6979,5393
8248,1535
3138,5221
7029,5109
3390,1692
7544,9524
7175,3319
2469,8334
278,3430
3707,1887
9531,9387
9430,7212
1711,5726
7594,9855
5947,2077
6392,4389
9132,8314
853,8663
7902,7609
6030,4477
7831,2044
3338,1438
459,5542
4698,2094
5045,1718
4237,6581
8057,364
9562,3575
3093,6796
5501,4692
662,8145
4877,2765
1030,7254
2855,9787
8304,8261
2007,4074
3946,7041
6804,5590
8212,9438
158,5910
7704,9701
8704,1496
5538,2814
5644,3474
5704,287
1971,2005
556,7791
2110,1228
6075,7512
8798,6835
4703,5492
9398,5471
4478,7563
1773,706
4258,2647
3080,5873
8521,9253
4920,1376
32,2904
1316,915
4992,8138
8020,2962
5641,1398
8995,2304
9502,3089
5412,1658
3386,7713
5690,1379
5076,2828
6164,261
3852,7771
3765,2396
5646,9186
873,6895
9567,43
7735,7026
8949,2660
6439,5281
6042,786
8623,6783
7173,6671
8462,931
1225,9138
4169,2641
3245,1801
8449,252
9709,5048
2369,8193
7148,1577
657,195
3449,7809
72,1370
9897,9882
1857,2775
1251,4549
5113,866
6883,6364
426,9261
132,5297
1258,3864
1349,4088
94,3632
3190,3950
468,8470
8661,1984
2309,830
8003,9679
7627,5615
4731,838
6797,8712
832,6896
3934,9686
1158,6933
6989,1396
104,999
4345,4292
1945,2410
5242,1358
7221,8390
7920,6117
1058,3236
37,2739
1735,662
4000,515
6946,2478
4069,3645
5426,2940
8017,211
1800,6905
1399,880
4721,4189
9404,853
300,5774
7492,5695
3745,7078
4064,489
168,8693
4058,5939
7367,9609
3837,5606
3108,3666
9006,9905
4993,3379
2298,583
4280,1584
2623,4165
9585,4857
0,8657
2143,2357
5968,5625
9158,5470
7929,2708
5289,9656
8824,8893
7441,6187
2265,854
3782,9692
6896,7895
6239,9737
8056,7256
958,264
6614,325
6246,1749
6046,6823
6325,9756
6791,749
4142,7865
1330,6105
1577,6811
8408,952
9126,2313
5202,441
7502,6917
1291,3836
1670,9768
1088,5726
3634,4085
375,447
9391,6780
1115,6265
250,1762
9516,6438
8832,251
4191,3830
6072,9709
5241,7453
2236,1951
8659,2970
8607,1079
3083,4782
5637,9582
8763,5573
8686,6206
3628,7735
3924,4239
4548,1334
6989,936
449,6306
1686,1917
3556,7392
4010,6815
4599,4923
7970,1116
1355,7364
2246,3262
8150,7027
1365,865
2105,8195
3366,7555
4739,6837
3169,5138
1710,5797
1406,4799
8599,4890
1427,8937
3713,986
6324,5317
9796,7686
6325,7898
905,543
1050,4641
9976,6278
9583,3268
4566,1512
9590,913
6736,6262
7036,7612
5188,2103
1035,9707
5224,5032
3238,8347
1373,4470
5520,6293
8046,7294
4673,7419
6594,3019
2530,5861
9998,7454
5987,1745
3656,5605
7282,2844
7933,3504
3811,4901
1510,4585
4208,2428
362,9247
7257,4923
4076,2976
8367,8381
8357,5853
2108,5938
9212,8782
5694,5742
8951,9058
2288,3265
1759,1394
2166,5632
7793,3102
3363,8632
9412,9194
3044,4119
9231,9331
4029,1354
2890,9582
8399,6986
1459,5790
5096,2233
1974,8610
7848,6108
9268,9931
7794,1415
6934,1888
7153,909
580,5444
4407,6861
3662,2852
4666,3321
5012,7180
8021,6576
6435,419
6282,1522
2232,2358
9356,5540
3756,6712
904,6730
1473,2550
8412,4145
2856,6344
588,8088
9107,8908
5938,130
9566,7448
1391,5506
1935,8462
9237,4993
5427,1860
8197,3335
6172,8222
4673,6963
9870,9132
2963,576
8982,968
6244,1686
6153,8195
1247,7989
1063,7387
676,5859
2722,4633
6785,9644
7508,3183
913,1552
5100,134
5428,1619
8077,3718
1031,6492
7620,1597
5388,2187
7379,3085
9541,9643
4797,9075
3603,2418
4488,7610
4923,6863
4123,2924
5809,6685
9606,4197
7337,6262
6999,5629
4568,519
9,9925
4316,5925
2049,1228
2058,9693
4536,8594
6941,3775
3427,1699
3057,8151
5873,3852
7752,1374
6347,7865
2996,7970
2508,496
933,5775
7357,5663
6470,52
5486,147
9172,6479
8399,687
7908,6027
5328,4860
5482,5632
6577,6938
8204,5453
8616,2650
4842,8225
6312,2563
4050,624
4621,3463
3238,640
4387,9030
5284,3873
1721,9123
581,80
9826,8568
6741,33
8540,3494
9335,8815
4987,8675
8348,1522
7462,2092
4215,4223
7134,5658
7092,6688
5480,2248
8386,418
6850,3166
6193,2887
9401,6910
7808,4632
9177,5164
4528,3640
8902,5335
6098,6328
2571,5409
9020,7214
5727,5680
6687,8003
1797,7363
7894,3232
9076,9244
6689,5624
1375,2612
5915,9264
7701,9647
141,7348
8955,4792
3161,6385
8770,6303
8131,456
3428,5989
3123,1584
5074,8269
76,8945
445,756
2942,8054
2170,650
2297,6661
3283,9544
3755,7318
6237,8097
8714,253
489,4564
7703,5646
3706,4602
6880,2640
9873,9151
4979,6570
7787,1183
403,9700
4838,6756
8248,9309
12,1329
2999,7871
2698,5435
9406,7429
5922,1530
2260,1144
6721,2689
6918,9162
5781,9558
3820,6734
3607,1982
7854,3998
2288,1236
4137,2440
9561,9987
5107,398
4562,6700
9684,9256
1093,5914
8135,4466
6197,7656
4161,3891
3121,5131
2632,7320
5393,6528
9935,3119
8077,8797
9422,1403
9272,5610
4489,9870
7940,2446
6513,1656
7596,2112
4160,9591
8803,4181
4515,9090
3165,1678
5153,4096
8756,5530
4859,8449
2338,9150
595,8064
5920,6517
1093,8477
3642,4658
4931,3785
8540,1882
7573,1369
9429,606
415,6166
3250,6130
2296,8716
2896,3273
649,8520
3864,9979
8330,5164
1397,6551
4732,918
3722,7713
4378,4388
8596,7067
6552,9309
9338,1673
9199,4592
3092,4655
1267,9914
8652,2308
8970,9096
5539,1140
6835,6619
9768,8466
5172,5370
7287,6795
8066,84
1157,1178
5942,855
6433,9033
179,1503
8053,862
1832,1519
9665,9042
6368,6575
3528,6318
2282,955
5886,1546
80,6858
2448,9927
3262,7190
3679,5836
7599,4965
5225,4771
4001,8170
5582,3000
6266,7378
2509,6307
6290,7963
9838,2335
6897,9772
7864,8542
803,4949
3563,3122
3223,4508
8848,4414
699,9877
9670,3451
545,1738
9088,9146
4583,3172
749,7129
4371,2382
516,2892
5871,3404
3642,5261
7327,2211
7889,9575
2323,8200
6013,2797
9502,6238
2297,9551
9949,4727
5176,1056
4909,4026
9041,3040
6117,7308
9136,5728
5509,99
4973,7383
8344,3005
3261,4724
1700,119
8804,505
2804,4804
6845,8395
441,3710
4658,6307
3945,120
9926,3538
8180,8512
7983,1703
6611,533
1177,4565
4610,1759
3337,5280
4141,6492
810,9653
5199,848
3625,1901
8785,8302
971,614
2649,332
9456,3421
3692,4982
1677,5406
9350,4302
3312,2348
4581,5710
3633,4175
2965,5547
5543,5821
6744,4485
1850,1084
1850,6881
8900,533
8088,2565
4303,7502
621,1977
2468,673
2375,5921
2857,3786
1766,8385
2348,7247
1357,8840
3754,7170
5691,4798
282,2771
2034,769
4150,6462
6492,4189
1201,733
4063,380
8062,914
8989,1185
3097,7950
1773,6768
7030,172
4162,7739
3137,8469
2817,1672
5923,7800
7764,9257
3703,8867
273,3509
8150,462
2104,3357
9526,4089
9179,975
9101,315
3077,8565
8363,2103
9847,2975
293,5181
9459,730
4593,4138
2134,4850
9578,5473
2681,435
1987,5355
6571,2377
541,253
4082,2058
7651,8209
7007,17
1040,8602
8848,7910
651,3180
5299,6115
9894,2307
9534,5486
3170,6377
1501,5101
4747,3286
3306,3716
9121,4851
9506,6792
438,8348
4552,9818
2246,2616
5441,8223
3916,6267
3621,7228
3578,9038
3790,7690
3073,6674
1563,3800
4041,2132
7140,4421
5147,2636
6094,6972
6629,8162
3167,8014
2930,2335
6648,2223
9815,7288
6050,5841
701,8909
1498,7309
7947,9505
2191,1442
263,532
6008,2416
4050,867
7670,239
8827,7393
6854,1421
2837,4414
2414,2787
6227,6153
4767,6790
1248,9604
1743,6832
5809,2394
86,1521
1383,5221
6459,4898
6511,8861
8932,9006
5595,35
4755,9139
5975,3846
9304,7133
2284,1637
175,2920
4176,1703
5135,79
5243,938
8684,1814
1429,9833
4942,7983
5700,7663
4152,612
5408,2456
5126,1175
8013,3319
358,7996
3414,1126
6647,2427
1947,1310
9220,2881
9706,6921
2576,9749
8602,6201
9651,4998
3017,5497
6215,3937
2083,6559
4650,5816
9505,9086
3644,2419
1718,4425
4216,6812
9067,4712
2371,9075
1820,1483
4857,5897
5033,851
9166,4048
2525,3059
4497,8406
1205,6894
7207,730
5319,3069
6588,3623
6151,1341
2382,5236
2611,3688
8116,2330
2057,4557
8454,7846
821,1893
703,7029
2237,2049
8577,7330
5888,7361
8144,7598
8704,50
4556,4109
348,811
4104,3331
7207,675
1284,6142
2592,4782
355,9065
853,8333
8280,2415
2472,6700
4090,1631
2384,5156
3687,1346
7658,202
2057,9037
3375,5848
924,5878
7679,1093
1861,4420
8780,4585
4346,8453
8313,5293
9371,8305
7418,9584
3841,3951
1654,9543
4395,7456
2937,7657
8854,8004
509,2397
5859,242
5775,4043
7506,6329
7949,2096
5456,8378
9071,7026
294,447
8445,4216
255,1085
4288,4452
8296,7487
4876,6380
6069,2980
226,3968
3274,9445
1925,5562
7855,1992
7363,6012
3020,7622
8188,9894
8246,9258
4599,5772
5350,6571
3629,1324
8025,7380
2835,3989
8692,6008
9712,1315
4879,266
1852,946
2392,7813
1349,3614
7137,6535
6465,8538
3272,4623
7112,1737
1441,2046
4709,3845
7543,2321
9475,877
9768,8445
6770,1530
899,936
9048,4570
7744,2824
6788,3403
9051,7568
6271,196
9348,3314
6597,7584
7470,5763
1304,3157
6692,2887
8086,4812
498,6408
4603,5730
2145,6707
5636,9615
3255,6030
3202,4277
1507,2247
8341,323
7,1323
6620,7853
2660,5643
4567,3874
6873,5873
2970,1671
2183,3082
7945,2552
3561,8062
8254,73
2735,6543
7661,7710
7186,1395
6263,1648
5039,4443
8539,57
3056,8245
3968,8268
9619,6036
2725,781
3843,4493
1548,2451
4871,4247
1124,9583
9562,2105
3719,2931
9284,3669
5996,6673
8144,8108
6827,6480
388,1578
1106,2688
1567,5553
816,119
211,8334
7277,2905
990,2105
929,4390
2425,2511
3868,9791
6974,9659
9962,6655
7766,9539
8841,812
9055,4990
6455,6500
928,2462
4285,6856
5727,8050
1143,7162
5095,4640
6876,1041
4823,4408
5887,3689
5311,8507
5132,640
8576,8533
1985,9780
6010,9488
4168,7921
8224,732
5796,6296
1429,476
1301,1198
3495,116
4296,9641
931,8390
9749,8614
1932,2239
3307,8403
6361,3372
9574,6354
5548,5562
2040,8832
1990,7092
2859,3937
2916,3118
8633,3743
5854,6792
2057,8803
8359,8059
114,7053
4639,4236
9036,3474
7631,8021
1443,8578
2357,440
5370,1451
7208,718
8046,6791
1923,9569
1284,4027
6629,700
7571,215
3513,4635
1974,9189
3281,9367
8995,2832
7981,2595
8481,3784
7778,1223
5644,933
4813,734
7994,5614
1878,2398
2487,6944
6033,8956
195,1271
5321,3790
5943,7999
5369,8465
7125,6286
336,717
7023,8057
1117,1430
9861,5690
5731,7139
2071,7366
2811,4983
198,5763
9025,8449
9742,2384
4949,2445
7002,1748
5026,5464
1124,7513
9808,1675
150,6667
3569,2140
3745,2289
9300,7419
1148,4154
1082,1739
5364,7028
4496,4954
6964,4026
5909,1638
5066,761
679,2033
459,2714
4860,9531
3126,5971
8124,3702
9347,142
4540,574
931,3516
8969,5774
2218,8232
4684,7065
1973,7760
9494,2209
4001,7347
7304,3124
629,2864
4577,4262
1852,2563
8334,7778
4875,8886
5736,6639
2783,8165
3422,7143
1124,6448
5364,4578
8729,2262
8480,5896
9073,3317
975,925
3158,4581
619,5754
8489,2840
5314,1782
5219,8332
9234,4959
6433,7788
8439,8402
3169,1426
7064,8964
674,8514
2377,6008
171,6361
3646,9145
4655,8446
5989,6233
4493,9289
6921,3105
1138,9453
3505,7375
3796,12
3167,6278
2679,3227
2426,4733
1328,6988
3138,9021
2215,1910
3898,565
3037,2941
6375,7383
7526,9391
9540,4521
8076,3642
5885,5203
4461,2947
329,336
334,7733
4822,7359
6273,426
386,1371
8453,2236
8945,1137
1898,4178
8386,5516
27,7845
8642,1203
6145,9220
6296,5342
1681,8143
2228,7861
1255,1325
1064,8596
3732,7659
886,2080
1985,4229
1570,4965
5487,6348
689,4129
199,1122
9363,9762
2262,3674
3327,1464
4474,2120
7358,9602
4693,1887
6541,1671
7595,3893
9099,5071
4658,7340
8136,9379
7428,261
9777,6548
1665,8218
7826,8495
7728,8082
51,414
351,6638
9055,3023
6714,3632
884,6674
5112,8292
6461,7464
4552,7704
6232,8367
3903,6092
9528,63
1295,4527
8474,822
4715,2000
1400,8833
166,8619
2531,6148
4851,7324
9030,4570
7733,5909
3095,4138
3021,445
1749,9276
4882,4470
5678,3882
6144,3708
6796,1535
2171,5952
5803,7496
5599,6081
5277,4211
4448,1251
2698,1261
7176,9386
4023,5909
7388,5545
2242,9581
5755,2589
6223,1292
3171,594
5401,1858
159,3500
5757,8665
2959,4633
5086,0
3466,5359
4801,8235
996,7476
6324,2146
9193,1640
9030,9947
6844,662
5758,7680
6028,3511
5652,3547
8278,902
8666,3585
7758,5648
4422,2404
4054,8345
7845,6673
8541,4822
5095,290
6621,5944
467,5276
9058,7197
6842,4856
7721,7737
3277,7212
7624,3014
904,2197
8843,2592
748,7974
2257,8225
7238,9306
5244,4906
1339,7171
3915,7631
598,1922
9109,8674
284,6562
9336,5762
6376,642
2348,7567
6343,9571
4543,9380
1900,3290
9559,8534
172,4735
7825,4161
5886,4071
2849,3952
9470,314
3196,9657
3404,7331
6575,6755
7771,9517
6161,1849
3934,7858
631,9895
1712,7069
3196,5594
2096,1526
702,606
203,1300
4037,5892
2455,506
5769,3365
5397,5429
5998,9901
8952,78
635,7883
8645,6653
2233,7845
8624,3707
8681,3968
5803,8614
501,841
3110,7235
4576,8051
5250,414
9784,998
4097,918
8611,2203
8695,4258
4698,642
4080,5543
6627,3970
3251,7320
1000,4886
5271,36
9991,7106
3788,5935
6250,1831
9696,6716
2990,9272
7899,7676
1651,7082
418,9130
2773,145
7785,1058
6456,6884
5922,8210
1067,1987
580,2005
9286,4761
3344,2231
2291,632
224,9599
1173,5192
1460,7272
1180,5604
7359,999
5479,9721
2408,7018
951,1147
3084,266
8624,3191
2104,5691
560,2595
5791,6800
6667,5577
6115,6188
4315,7133
9907,3477
2226,2153
2580,7853
6944,4707
6621,8467
7386,4499
1051,5768
9434,2276
1405,1062
82,689
7639,4812
6133,8956
1581,5764
4257,1649
8775,8051
6362,2375
6406,5899
4977,6410
5450,3476
2985,1379
3242,8570
6679,3577
4235,576
3553,6888
5103,9521
1700,5651
3858,3640
6999,7389
8786,8893
7685,9681
2328,9690
9814,375
9094,6499
1943,2004
8518,971
5648,3035
3119,3604
7902,4188
973,5275
7882,7120
7138,9690
9921,44
1705,4728
9672,9470
2767,1529
9957,2174
3254,4694
3205,8394
1109,8128
7936,6169
4132,9088
1174,2699
6574,4884
1200,8398
8177,7114
2119,4954
1193,8838
4083,6654
9272,98
2956,9873
4682,8612
7977,6776
7558,1767
289,7947
8884,1126
4561,1152
9485,4643
7212,363
960,7616
2613,9123
8310,7817
8625,5717
5316,164
5866,7306
8017,9170
3834,8662
9827,7310
5835,2086
3395,2712
6761,926
2910,6358
5223,9213
5048,5690
1864,5004
4540,7812
6548,5164
6557,6463
2948,2330
5166,3180
2483,604
4347,4761
9126,5799
5757,8862
7324,9498
6283,9308
2123,8472
6425,425
243,9309
4418,1689
8243,2408
1298,3996
5219,6710
5838,3402
5015,213
2935,4527
6843,2884
4003,9858
9227,8908
3017,4200
154,4305
5419,7699
8015,9724
3518,5816
9088,8837
2237,6000
251,2331
7866,718
6849,112
2235,6572
4848,4199
2214,7120
6989,822
2734,537
7475,5810
4393,4037
3298,2065
6036,7284
7743,9742
7098,1020
5636,9593
9875,8010
6002,254
8405,6806
2749,7605
9847,9799
7515,8304
5467,1429
6948,4694
632,2197
1415,7171
1783,2691
959,6186
2366,5359
7598,9676
6124,2751
1041,4845
8961,4799
1125,7508
8348,512
6524,3089
3386,5666
693,4170
2489,5111
2491,1743
8188,8761
981,6122
2625,7873
7482,4726
2020,8431
8329,7497
5186,243
7159,866
9927,7979
861,232
3553,6073
8855,2378
8644,2845
3580,174
7563,7891
8398,7010
5502,5037
1732,7324
7123,7685
9755,9280
3812,2358
2199,6179
7346,5832
9373,2112
6808,8506
8426,989
8110,6858
7364,593
7494,6502
8422,4001
6310,794
4956,7147
6479,6614
9475,6551
6713,3166
4623,3164
7513,9978
5305,5755
1383,1405
3731,2582
7482,6549
1750,526
6174,5993
3592,1961
3236,1300
4855,4181
8972,8705
7193,5104
2267,535
2252,8328
3237,5291
1418,6290
9631,3476
6254,3374
5802,846
2690,1532
8337,34
1436,2634
7613,8915
7959,3095
9125,1837
3276,6428
7268,4031
7640,1215
7989,2731
9456,9774
4189,5011
1082,9300
1533,3393
5975,2605
7877,4149
7499,9919
2096,8961
5256,3584
7062,8425
765,9190
514,6876
2092,2828
2372,8096
4189,593
7123,8951
7266,7824
2099,5807
7803,8631
1148,5133
9749,5117
1567,5785
2399,7982
1653,807
5526,8227
8843,4699
8115,4743
2446,2521
6004,6588
5738,3463
3580,2100
5428,6175
3916,8438
2357,7235
3735,5156
1036,462
1397,6300
7082,5872
6528,7910
901,6137
8162,1176
9967,3081
8199,3911
8994,9349
9561,359
7390,2431
9859,2822
7815,887
4044,3011
7716,1059
4515,8237
6928,1540
4029,7552
6930,231
7213,4952
5521,8818
3282,5153
4704,7845
114,5539
3707,616
1220,9809
3149,8894
224,7376
391,3254
2858,7720
5023,1702
7666,1522
1192,6531
4651,1005
6172,7232
356,3040
8362,8329
6513,646
3667,7315
7016,9008
2778,8796
3970,1877
8642,8544
3403,402
7651,9888
2064,3538
7164,2719
5383,5584
5280,7588
5133,2471
5261,846
6323,4778
9731,6088
1975,7974
9705,3101
6427,2826
6980,8617
2952,7379
5673,9247
8130,1234
1050,5375
5367,6757
3540,6674
4920,9771
6760,2646
5141,6676
3495,7632
1456,3063
9723,1113
3104,1900
4723,4365
1955,3667
4966,1635
7053,2496
3483,3111
2628,8083
9372,6192
9341,4865
6579,7073
6973,9437
1948,3104
1314,6939
3819,3197
5319,7727
1293,6206
6322,3566
182,7882
5151,7070
1754,7194
689,7985
7405,5090
4638,4961
1272,7987
6850,6
2227,1887
2949,51
7822,9528
5407,8737
3917,2832
6642,383
3126,9226
5234,153
9881,6306
5148,7937
8245,4533
3588,9120
245,6859
1974,6272
4966,2549
9612,7806
3812,4740
3619,1952
9889,6608
7823,4439
698,5754
1474,3208
8889,9132
8830,7925
9851,7711
9269,3903
4642,8547
8051,6161
9961,7452
4461,6211
9545,792
5560,1280
892,9375
7055,1317
3511,5354
9458,6035
7936,8690
2472,2305
1822,8688
9764,5263
8645,8422
7335,5713
4818,2056
2489,2829
4757,1147
7322,7343
4441,1515
629,52
9211,7235
1019,8651
9908,3864
2086,4493
9992,6758
2441,3463
5233,1593
7349,4760
2103,8603
2194,2614
902,1498
1687,6558
2826,1098
9116,8642
5225,5952
2640,5076
6693,1468
3628,9356
519,3374
6129,1123
9667,302
9402,682
289,5502
6034,9505
3294,5300
3858,7965
4834,8296
7697,7907
8887,1782
6223,7673
9385,4819
199,6245
2592,6885
8878,2282
9914,7234
2330,5589
2353,9961
8994,2567
8815,3745
9444,2631
3519,991
7385,1935
314,4985
5858,1652
7396,4657
3286,3343
4747,1933
611,1477
8637,3434
384,1037
2266,3204
356,7388
5322,7835
580,68
3883,2845
2780,6199
7131,6483
1399,7200
1379,9650
6549,2460
8402,4014
2853,6958
7568,4588
544,9083
3918,1264
3678,7176
4284,9209
197,3008
1015,9813
5017,743
5270,8468
1993,3924
1549,1176
9155,5232
3491,3347
4952,2315
8273,230
7007,5688
9972,7392
5165,8679
3870,4208
1258,6108
5625,2510
784,9065
7936,7882
3228,1101
66,2341
6822,9952
3472,9406
7032,2629
8523,7320
5261,9437
6209,908
9875,6021
9611,7276
4049,2356
4814,8663
5467,1321
7919,9877
5780,8604
4257,6107
4143,1441
7614,600
1188,1957
1236,3805
1164,6362
3336,2627
9860,5367
6071,3530
8391,4522
9259,4349
5076,1087
6989,5729
4817,9691
609,7126
2515,4372
1007,3117
7709,526
9057,8011
6722,9790
110,4386
2202,3242
362,9972
2611,9128
7851,9068
2015,2356
1674,5072
9278,1634
4786,2168
8565,6864
5864,2023
6794,8572
4827,4937
1375,1906
2839,6857
2971,3685
9885,7349
2713,3299
6963,4559
8267,3130
3679,4455
5019,4330
6519,5195
9337,8577
9179,2911
1935,3604
8665,892
495,8920
7472,6395
8291,297
5444,6983
4184,89
9771,6558
3607,4543
3846,7398
3550,2196
1777,7478
6918,5282
7555,9759
6902,4094
6249,2658
8077,5643
8055,4498
9744,8809
5276,877
4853,7913
1977,7099
9740,9699
1835,3472
4357,59
2280,502
2335,7512
9325,7170
109,6332
5782,9874
7788,9787
7455,9075
808,1590
6783,1967
5581,4945
5191,5286
4831,9610
7904,1165
1863,6796
3680,7298
6043,1995
9068,7882
6971,5722
6189,1242
6449,1668
91,7396
9660,4196
9755,1942
3135,2832
8613,8076
9315,9557
4098,9314
8400,3255
2977,1138
4351,2518
1159,9686
8139,962
8538,3854
3942,3219
114,9646
47,8268
3874,5953
6085,4895
1925,8124
8818,4729
1700,6171
2656,807
7200,1469
3566,4893
647,9489
2736,6724
4130,2572
7645,4393
9352,6747
7041,4941
1515,8534
5259,6239
6250,6612
8551,8661
584,7462
6320,7136
4780,851
2097,7327
120,498
261,586
4660,9948
4782,152
8459,4432
3440,7611
402,2097
2221,7753
9312,6574
9026,384
2416,7058
255,2832
7380,1881
2106,8158
7273,1648
8799,7916
9094,7979
1588,4957
7809,7503
3878,1956
6667,4287
7186,2618
3196,7804
29,8735
6752,758
3958,5789
5160,433
6313,9521
7677,5459
9498,5709
7777,541
9464,2887
6168,2230
8291,3526
392,6314
1939,5404
5114,1084
5049,555
5263,9469
3105,8178
7965,2260
8109,5998
3801,3260
314,4345
1609,2048
3095,8435
9675,5975
5388,9536
3401,7975
784,3979
2009,8576
5377,9972
1289,5654
1685,7278
9173,157
3957,9859
6368,7330
5483,6565
5978,8707
2506,1459
4860,9070
4209,5424
4046,8014
447,4229
6708,5841
753,6306
700,5997
3877,2394
5401,8679
7811,3614
8446,4910
4840,8008
3990,4820
827,7151
5778,7569
5851,8535
1284,8636
8822,8919
3643,9201
1947,3215
9399,3194
2778,8495
4821,2334
6324,6245
8914,95
9056,5070
1774,9872
57,7644
6217,3069
7915,1200
7548,4233
5581,5913
1791,8429
2699,3863
1716,4659
8922,7772
9626,4404
6965,5759
3791,6653
8136,7242
6793,8653
9000,8375
6838,7385
448,4901
2736,4586
435,3570
5501,370
7713,2625
6408,4629
5927,9497
8268,7872
9161,4949
2952,8222
80,7870
9531,6706
6835,5942
8756,9702
2807,7880
2666,177
8905,9393
3456,5110
1993,1046
8803,206
7294,2349
1432,662
4049,1669
188,2569
1977,4114
7086,1309
8671,4044
1508,5645
7124,3242
9060,6028
8538,188
768,7161
132,3709
5519,8268
7157,1063
668,3691
3522,2808
6301,1689
3024,9843
7797,8307
5111,7818
6401,81
6167,5643
7539,3683
2374,4254
4266,8635
7458,4318
4783,8006
7583,4141
9254,3201
4145,3035
9475,4280
4112,8367
713,5773
6224,7864
1305,847
47,8579
332,6695
6282,1673
1034,8426
8699,1695
8236,5859
725,908
6261,7960
167,9802
9111,5991
4324,1529
4972,4941
8831,3033
5359,9854
186,6168
1253,1483
6762,230
1562,8133
9021,2371
1926,4699
2872,4695
9774,1346
9359,2238
5055,7415
1273,6769
6359,6895
3392,8422
5458,4282
986,850
5486,6965
4519,8792
2358,6691
617,5659
3295,3202
463,3520
7872,3566
91,6355
6796,3814
3755,4729
7621,7637
3440,3911
6476,4700
4083,5766
6449,8006
2197,2799
9696,6294
3708,8228
2574,4929
7588,6446
905,2364
4334,8858
5943,9682
6106,7568
7349,9329
8664,8130
3283,7900
8812,4304
1906,6806
3591,5660
1039,6579
315,2912
5456,5562
2672,1524
6905,4716
8813,8263
7265,7657
158,8690
9585,2577
2010,1705
2527,5286
9754,5007
9014,8377
4324,8657
9067,7202
2132,313
3712,8137
6369,362
3092,8404
279,6563
7214,5011
5905,5886
450,6651
5654,6148
5663,9556
3963,6792
3173,3696
4524,4931
532,1358
807,3231
6155,587
8779,7669
3927,2505
8357,420
2283,413
1991,1191
9893,3035
702,7917
3661,2719
636,5783
9816,9107
5157,1594
6006,2483
5914,2213
2778,3344
629,261
5265,5397
760,9427
478,8328
4765,2915
7987,3696
2882,4063
2337,594
8237,6854
5006,9200
8743,5274
5644,1378
9752,9155
2263,2213
9205,2895
1184,8230
4704,4129
1387,952
7468,9939
3754,6588
6361,7846
3859,2800
3145,5917
8163,7648
2281,5777
4082,840
7357,7877
4238,9626
576,2189
82,3365
2085,1020
3310,9920
2679,4976
2372,8407
3479,9615
2061,1384
4509,8184
1799,3753
2781,7337
8420,2991
2760,4170
2650,4776
3295,616
8571,2369
8658,6963
9213,4835
461,9174
5710,8094
8959,7628
2155,4335
2749,7615
8783,7653
8909,8627
5642,2123
7316,3525
1130,1988
5388,5450
4152,4532
8401,580
7255,2984
2668,4855
322,1490
8898,2636
9053,878
8261,6409
4794,1848
6961,6220
8086,8141
1047,2084
17,1897
5268,5871
1678,7865
4300,1241
6869,5718
6389,2863
3525,6793
6322,3234
5483,5081
8979,1100
4385,5854
7148,9038
1719,2340
6088,7977
1145,1023
9061,3560
3327,1601
6505,5803
9535,8205
3023,2256
7143,5463
986,9438
1895,4928
8846,1420
8603,507
9606,8826
7777,6810
7253,8330
1698,4182
8675,6284
5469,837
7084,7129
5171,1050
838,40
8090,6309
6689,5411
9344,638
3444,1730
2537,6102
5313,2146
8489,8202
2909,7722
3440,2720
4335,9899
8032,4724
2720,8595
204,7814
1793,2939
205,1014
271,37
9264,5157
1354,2669
9076,3583
2749,447
472,3127
9670,5299
7957,3067
2940,1834
1274,6633
8231,6034
9670,6713
8972,4077
3370,1738
6426,2633
4890,1691
426,4924
3462,9013
7542,6356
8976,8009
9347,6506
5406,1424
5276,829
1045,5101
1987,1735
8972,4458
4205,521
6706,129
6921,7184
7465,4031
2707,1989
8050,3836
1628,685
9855,7064
6076,1311
1582,8239
3748,1167
7177,6750
2073,5058
3653,2652
7592,7328
17,5764
9411,6739
8740,952
826,3085
2123,8067
5823,9813
8011,901
6932,5919
9061,5673
7795,7729
3248,1033
7734,3370
9450,3084
2999,1371
6954,3496
8986,6197
2964,5328
3496,6533
8723,3112
9826,5899
9352,5064
9548,9257
1636,3973
9556,9431
9868,7734
3167,5932
6283,1855
2800,403
3270,6624
2985,223
6706,7916
8432,2895
9370,6663
5346,3837
9980,7515
660,8783
207,9683
3644,4819
1724,5999
8864,9056
5312,335
2665,4079
3516,9116
9605,3000
1662,3393
1866,2570
6986,44
1087,7472
2075,3178
9638,6377
3951,5215
3151,9962
4232,4084
7219,9842
4459,8062
4603,4648
3153,5827
8934,4410
2907,4654
266,9924
6454,2193
2709,6878
7954,8768
1892,8259
4702,5166
2986,8858
2798,5951
7233,7479
6742,5975
6745,6437
5288,2773
5316,9402
9834,3540
6318,2980
8909,8064
1459,6341
322,7403
1678,4948
5757,1503
1622,9080
6685,7205
2310,2130
9152,9589
8439,3114
2178,5229
2949,4582
2721,4097
6837,5323
7008,7033
2127,7716
4933,6135
3459,3823
4436,1917
4475,2
6804,5437
779,8480
5672,2679
3662,2834
623,5196
5176,6121
4450,9369
4404,8048
9141,798
1629,3327
2958,4683
1119,7586
371,7777
5114,693
6308,6567
5816,7368
679,1531
8891,8235
8375,8852
3642,7103
8125,8430
6660,8588
7985,4205
9149,6982
3715,485
7052,944
1466,3822
5036,5935
2844,5127
100,2532
1714,5176
8886,6863
7139,4093
933,3521
8067,4001
1645,3352
1980,8656
4018,8274
5816,6942
3790,9130
6705,6385
368,305
8332,1748
8741,4339
472,7113
3744,4944
3188,8351
4228,991
9882,8255
3245,5298
8079,6557
4318,6372
6540,5769
444,470
4107,9432
3627,3418
9902,8810
1298,4263
9002,2990
5088,1120
6045,855
7620,419
5519,5079
2810,1362
6151,32
8637,628
2437,4487
8739,9218
1833,5927
7526,9426
4914,6654
1457,49
4047,5327
6309,5758
7969,7074
572,6210
8630,6136
9640,7552
7060,7922
2792,2633
6295,6928
1149,9706
2699,6326
506,7731
8444,9911
8999,1839
378,6401
2352,4456
4395,1680
1488,3415
7621,4180
4295,5147
8633,4995
6605,7628
1030,2037
9244,2011
6463,6886
555,3731
8646,5387
985,7939
5471,9090
3462,6340
2027,4133
829,8953
5575,9149
7109,6082
1514,5522
6300,4496
6018,9469
6974,4225
4264,7782
4227,1673
5354,1125
184,2758
9991,2951
303,5859
247,5271
875,5524
786,5990
2223,976
2820,258
1157,4941
7268,4263
5462,4625
8937,5739
7166,5344
9339,7109
4676,7319
392,4821
7574,6005
8198,7450
8378,277
2470,8703
2927,1680
4554,9002
1892,52
4290,9915
1908,7476
7910,8436
6291,8913
2807,6396
2238,4340
9358,340
7987,7297
2625,468
1300,3754
6672,837
2407,8835
3697,2100
5560,8204
5760,6784
558,567
3617,2501
5891,863
6388,1145
9469,2003
61,5018
8084,1462
3581,2253
9320,5652
5336,9422
8948,2688
1805,5800
4522,6097
5373,150
1635,2691
863,7415
8789,6083
3897,2661
4943,9202
4938,5180
5493,3416
3035,7163
1850,9823
7487,5894
5544,6826
2252,7251
8826,3603
2580,4067
6089,4357
5832,2501
8635,7671
6633,3067
1483,6746
5762,2275
1838,1180
2011,2617
6850,6417
2613,7590
9589,9020
159,7431
2727,7713
6217,9995
4821,9536
6363,2668
9435,1610
6521,2958
615,8505
3143,9968
3744,7657
5710,4294
9303,93
127,8318
1943,755
9405,7611
3803,6013
6203,2985
3124,4884
8845,3669
1921,3293
6342,5471
9757,2972
5710,947
7007,9362
992,7065
9226,2613
2308,4869
431,9751
2498,2816
5624,5628
6801,6873
2205,5260
5046,9459
2159,4021
5764,2792
5221,5650
8122,3862
5530,8613
928,2900
8452,4820
5456,5200
5044,9608
7907,7668
6804,4604
6851,3528
516,2319
1390,7155
9371,3515
8877,2996
8948,234
177,189
6409,9705
9644,5148
546,1766
2292,7910
3882,4721
4163,7255
3440,6144
5835,2711
7891,244
7104,8664
1478,9053
3003,5247
5783,3635
2102,4123
4651,1447
5828,6456
3397,6955
2310,9091
2784,8108
2980,6432
507,3033
6266,241
5144,3531
8140,3974
8802,2560
7548,229
4173,9037
1932,8016
3880,5779
9641,6753
1318,9579
127,3203
1101,5449
6284,7499
5384,9875
2617,4095
4794,9019
3417,2661
3108,630
1333,3826
8096,8690
1419,9341
606,7168
2616,1539
5492,7041
6650,4176
3542,3257
1031,909
4602,4489
5990,1908
9628,6137
3912,9387
1992,911
7742,4200
1393,5095
9239,1306
5606,8438
1642,4956
85,5706
1295,8298
3146,3540
2334,2830
3668,7142
6252,8835
8005,2403
9282,9269
5241,7670
4921,8596
2690,5626
9420,1236
7191,3613
7447,2042
7887,1877
2592,2781
2665,2390
6750,5140
1163,1761
5573,527
76,6731
3339,4826
4337,1757
9266,635
8274,8600
201,3627
1681,8142
4459,2535
8574,9181
6236,4202
6894,5922
9304,2442
3043,411
6462,1521
9085,2194
8298,1772
6602,7980
567,8269
3131,187
7061,1587
6666,6589
7689,5976
2805,8951
3710,866
4880,307
8232,8614
5883,8398
8220,27
3756,2623
735,6848
906,616
2013,9396
2279,4377
8743,4174
5821,8619
4680,7988
8009,8264
2623,6102
8223,3567
6424,7467
5792,7958
6904,591
6478,3673
2330,742
5326,42
4294,5027
960,9032
4926,7035
6506,9572
819,5420
1222,8076
1707,8497
2957,6054
2605,1206
5583,6256
4664,3388
9367,8015
8243,4147
4770,2278
3222,4813
4400,2571
132,2513
6242,1095
2493,68
8385,7584
105,2667
9677,4998
300,4351
6820,714
1798,6043
9766,9906
7188,3747
1507,2083
4761,285
7457,6446
5090,1198
2686,1834
2617,431
9928,4054
668,424
7105,2817
4277,5170
6778,1774
3101,6745
5841,5158
6239,755
7650,2877
5284,955
8647,9746
865,2141
5891,7502
5653,365
7847,2663
260,4484
3148,7304
3321,8283
581,1779
3029,9440
7295,3124
473,6202
6913,8368
4582,4279
9054,8497
5065,8690
2296,673
1110,9747
9179,7311
1259,8070
8659,3849
6907,4798
6822,5164
7447,8234
1028,2778
128,9328
7471,3379
5583,8375
717,5419
1040,2216
8758,5088
2236,703
9515,6872
6552,130
6912,82
6719,6120
9278,5202
2388,3090
5013,3127
3221,8166
6539,9933
8147,7886
3317,9039
6801,2595
5590,6996
665,4645
3236,6884
2117,2572
4314,7777
7938,886
5033,509
7316,4002
4328,497
7724,6257
1423,4920
1584,4075
3761,6612
2162,622
4615,9020
8679,4542
7352,9472
5811,3021
3487,8090
5255,5100
496,8620
6259,5107
5276,8916
8134,7096
2624,1325
4696,1729
1888,1527
3895,4423
1942,2921
5421,6206
2050,3055
1920,8277
1754,9438
2044,7729
6091,3873
2720,5491
4164,7035
1788,2009
982,3391
2587,5420
3873,3996
9990,7889
8586,8168
3720,5192
1892,7433
2668,8285
3524,3049
2284,304
400,238
3088,3993
7936,7989
9653,5891
9202,6060
112,4422
4000,3152
2399,5424
7129,2593
222,4741
1111,8223
3297,817
3635,8573
6084,386
6608,746
1426,9106
2077,8499
6222,2304
4486,3029
3515,9267
390,3464
6630,1426
6305,2980
9372,411
1353,4737
6881,2202
4769,9779
8482,1564
2887,3296
6239,329
5564,4564
9128,894
5730,8136
2263,1432
6183,7183
851,2634
1477,1974
7353,917
8248,1402
8985,643
1530,9520
7089,8672
6761,9569
3270,8830
4661,4289
9173,6188
2924,2846
8141,8561
6560,5102
62,1516
2556,8250
5341,9858
4352,1576
6144,7976
5607,3735
1864,3920
6399,5301
9572,3419
722,8512
5006,647
7906,5483
4391,2633
3504,6007
3127,1285
6227,8135
6743,8194
3133,6548
7136,817
674,1212
7459,8366
8314,5960
458,1797
2358,5300
6405,6559
273,4776
2226,8577
7817,6955
261,1384
4841,2663
2314,3725
8463,2885
8932,9322
1816,3457
873,4303
3564,6253
7881,5667
1597,7083
4657,7562
7601,2716
3609,7957
879,9159
172,6568
1646,9230
6752,2410
7612,2985
9032,9246
4152,2148
4106,1321
9313,1280
2034,6055
4385,6281
2749,9410
8478,5370
4003,8198
311,220
3831,3996
4124,8410
1932,9225
3885,3906
732,5808
5494,783
8218,7753
6089,6109
6109,7183
5747,3817
5587,8973
5685,1020
2833,3358
386,8611
1242,3656
3460,4497
5200,5113
9142,7700
1306,6962
3306,5715
6733,779
5112,955
9225,9461
8061,4590
172,224
4221,9723
7152,1773
969,8203
1333,3606
9537,1204
4428,4294
1049,5368
5576,495
9043,1634
3036,2666
1915,2100
3013,1442
5971,5896
489,5888
5639,2250
5718,3706
3452,7352
4135,4832
2499,1485
6218,2607
3030,6632
3282,1576
1224,5296
9771,5589
8097,1911
6033,5371
8259,1704
2098,6182
8882,3712
1516,3572
2332,4604
3381,3106
2159,3612
223,8992
8047,7086
9211,3182
2586,6580
9115,7760
8279,2637
1030,2104
6964,8122
4578,6301
8753,8834
9704,3560
8926,6801
4985,1267
7808,81
2643,1281
2564,9807
894,1952
7834,8605
2153,4118
1758,1843
563,1079
6382,560
6593,45
2828,9852
7604,145
9799,1041
9939,1114
2510,9083
2414,4035
8779,8038
2644,7454
5656,8062
1363,7956
4187,5618
3762,8069
3867,1294
4523,8085
4824,6180
5039,4392
5926,6324
9941,676
3583,303
5055,1384
9337,593
1213,1376
5062,8078
4757,9965
1294,4307
6047,8690
5453,1270
6096,8820
643,4827
2156,2976
7280,6654
5036,1010
5130,5986
375,8770
526,8608
4366,6252
7040,3760
7530,8759
8911,1817
5109,7443
606,9007
6760,2487
3791,7180
3179,3009
7179,3061
8579,8238
2704,2622
4091,6446
3833,7310
6821,9313
9266,9410
6041,8257
3678,298
9329,1637
5576,5763
7439,6501
5136,8734
3846,1394
7606,278
6593,3102
9206,7770
783,1418
9751,8786
6230,8044
5590,281
1996,2672
9842,8763
5224,3994
5342,9301
6699,7255
8429,8722
5672,689
7098,4408
9155,9239
4215,1601
3305,8868
6368,9567
6044,3114
5091,1629
5012,1529
1764,5421
109,7616
2085,3969
4373,988
3798,4778
3340,8936
789,8340
4081,8485
3476,9772
4651,8194
1313,5748
6818,4209
7745,5690
2647,3254
1331,9170
6391,7989
6061,5826
7945,7298
5019,1272
2426,5778
3178,2107
4123,3
9739,702
1752,6667
8184,9363
9678,8021
6557,2104
6449,3273
1141,3312
1332,821
7618,7429
1686,4474
3066,2868
1813,9069
5871,8002
1799,5337
7618,1152
9283,2292
1420,8287
2033,3347
6864,444
6023,1132
181,7669
3136,7505
6025,2380
7822,3171
8830,7491
357,1810
3644,6574
2972,2209
4123,10
5814,2437
6487,9194
6128,4913
8249,6427
6701,2625
2436,5757
6694,5866
7641,640
5471,7271
1900,8089
8802,1819
5824,4826
7873,5766
7570,1391
6846,3526
7728,1995
6333,7128
9903,666
4621,2357
9701,5338
9271,3392
7481,8246
4925,2555
9629,543
844,3253
4837,1254
9452,2431
3576,2636
5380,2627
4311,1327
8080,6902
8251,3718
7857,5652
2714,8211
980,7615
810,8240
4500,5840
7454,5735
5410,4327
9504,4521
1405,8572
7735,9120
3231,2513
3745,3160
1043,2385
2440,9248
2577,3450
9421,8562
8707,8475
8856,3912
8111,2669
7822,9948
5387,2033
1508,5035
9889,62
4040,5361
2222,1560
9292,9943
3012,8561
2846,4296
9952,5427
1883,6183
4291,2155
5745,9565
9744,165
8935,4236
4419,9735
7661,5178
6107,5250
1714,9296
2080,2398
8611,3336
1990,7097
9386,1123
2402,7721
1234,625
4443,4978
1810,5800
37,936
4017,8441
549,2319
8160,7444
918,6826
2368,3261
7944,3416
6394,6495
4789,2863
6188,8205
2001,4547
2096,4461
7583,1673
5001,3349
2008,7639
9123,6782
411,6432
6624,5975
5748,2373
7560,1532
7583,5712
1672,8008
5024,7480
1964,8924
2479,7659
500,4325
913,2851
2377,8579
1336,6747
3494,4512
1288,7131
7864,8203
1336,4259
2971,5574
9905,6086
2532,8841
1139,4243
6432,5290
1896,1802
9149,5946
2185,4686
5372,2651
6217,8857
3036,3163
9083,3533
8241,5145
3928,834
2149,3856
1535,7744
3789,5610
9815,1870
2747,6483
252,4195
6630,7216
8382,803
8656,6952
9797,5056
8467,5798
7316,4915
7708,9217
6037,6619
1753,2569
2571,6596
734,4012
463,6006
2290,5432
6677,2930
9819,4584
7154,9192
1787,8105
1692,6254
676,2460
1640,606
4746,167
9997,2667
8570,732
2824,607
4290,8595
5280,8720
3323,2918
9935,9372
86,2511
3752,746
7728,9528
3711,8645
9243,8609
7104,4165
8606,4908
278,1413
4929,831
4324,1613
2684,8586
5168,8290
7614,6934
904,4217
491,6218
9112,1260
3108,7585
4599,3690
6948,6128
4849,7343
2045,6657
5977,9062
8108,893
9580,3353
3544,435
3164,554
2096,1462
1230,3423
9349,2578
6330,986
2401,1108
2642,2655
3506,1064
4737,5647
7177,1373
9415,7982
203,3404
9701,6251
6785,5516
8352,8725
5621,3856
7873,9409
3313,176
6835,6268
518,7082
9940,589
9289,8855
2507,4140
8649,1170
6452,6718
1725,9840
8502,4815
9937,3190
3896,2845
8593,6697
5153,9313
8981,5904
7307,6525
2966,8734
6555,6672
7128,5896
6120,2786
8374,2243
6921,3615
9065,4162
2748,320
2915,4172
8459,1131
8510,6280
3190,4502
8546,4209
269,7331
841,8138
1053,3295
4193,5861
8621,2104
6170,1204
9963,1649
7127,7393
6401,4971
9557,3390
831,6514
5706,6322
4616,4029
4512,6232
4939,6035
6678,7262
6508,6037
3791,2558
3693,8113
2823,5638
4200,1386
5393,2557
3882,4477
8020,3025
490,4180
2285,9132
1394,5034
5427,8241
3425,738
1215,426
1939,2266
2469,6936
314,7975
6658,6898
2336,7353
8457,3607
8789,1397
3279,9595
3390,2999
9930,3376
2307,7566
6321,9259
6340,6092
3022,8078
3810,7853
2922,8195
9164,7719
5006,3273
6313,7382
9907,1022
2072,8810
4580,7162
3493,8869
1723,2173
1055,2867
6962,4280
2168,1636
5842,3935
6695,476
2647,2272
2464,4207
6497,7018
2716,4866
9528,5747
5700,875
6197,1255
8969,5930
4472,6379
8755,9897
9033,1643
5959,7570
6836,2674
4440,9392
6411,3616
8530,1570
4163,355
898,7724
5433,7616
7967,2086
3682,8666
1714,334
9402,7244
9326,626
4840,4826
6603,1508
8858,6261
2712,4425
7174,4149
3076,8554
2952,762
9739,7081
2029,7785
4515,3386
5963,82
9955,361
4052,7004
4154,9682
4237,7023
3881,3984
4000,2880
8868,9875
281,456
3362,8380
2328,8745
7695,757
3021,9736
7137,6537
9665,1581
6797,5444
9678,7424
2345,4349
2148,2492
5234,2238
975,9690
6879,7229
5932,7810
3160,78
7581,929
1493,483
5909,1768
5888,6262
7978,168
7683,6508
3224,1316
886,3935
8399,8182
5997,9012
276,8818
5565,1070
7286,171
9720,8052
5327,7418
9217,1773
3140,4962
7141,823
2716,270
8392,6204
478,5226
384,4219
4815,6218
9595,4964
3649,5841
6775,8343
3146,8428
4934,2819
470,8153
2644,1752
1924,9045
4591,5005
7749,3741
402,5831
2983,5014
2917,9260
7453,2892
6889,8202
308,4252
7659,5218
5149,5532
3277,8971
1618,6647
3401,7850
4344,345
1615,6900
9538,762
5720,2909
4758,7254
4323,5397
6738,1900
7974,9312
7140,3548
1167,8759
2782,2546
6111,9438
4615,81
5760,5418
6184,3789
8368,8805
9562,7671
387,2191
7495,3887
8404,9931
6536,8242
3425,3317
2459,8341
80,5781
2136,1567
4564,7671
3672,9448
9924,3534
6957,9911
4839,6655
767,2119
958,9051
2161,8961
8028,4399
8611,3152
6912,8329
296,4558
9177,9068
2990,3165
945,9196
5103,4873
2354,3672
4256,9485
357,2894
398,6086
258,3733
1835,9276
6270,3419
7180,6440
9334,3628
8370,5467
6962,6119
3476,9253
2526,8196
1303,850
5585,1024
5582,8310
4791,8253
2785,4369
4997,135
1172,7483
2052,9590
7029,5845
4969,3465
3679,4477
7638,7458
7150,7067
7129,7597
3007,5189
9894,9930
9208,694
5196,4601
7032,360
5759,5391
3452,7241
3096,9658
7537,9654
2863,828
9544,9191
6541,311
2753,3294
666,2833
5683,5459
1506,6521
1135,2725
4610,1483
586,6974
4607,9445
2019,9338
6119,3741
8527,3411
8482,7494
7061,492
9307,3220
3085,5609
1072,9824
5844,1325
7367,1828
3162,7861
3990,1990
6372,7238
2979,8213
5760,3704
9959,1132
5112,7109
4289,8924
7136,2092
4281,7670
1617,6982
4216,4264
3263,2631
9,3417
6019,3690
1258,6893
4772,2463
5814,4702
383,9783
5167,1674
2351,7581
3444,9753
1945,2924
6196,2167
2270,7478
6780,3535
7950,1522
5335,8080
8030,4721
5417,6424
3101,7930
7889,1257
3096,7757
1272,4335
3015,2595
5946,2698
8573,2350
4335,4656
8333,902
8471,7350
5094,9322
5090,8418
1497,3056
3562,8084
7281,9777
3274,8813
3629,495
7892,3184
9321,2282
9091,3596
8714,2837
5592,9808
3804,2363
5080,5389
768,2306
6776,6762
3687,4537
9805,28
9870,3317
3428,5591
8308,8860
9670,7488
3518,5371
3825,340
4744,1145
4483,4083
4055,5493
6862,4333
1038,1941
5338,1001
3531,44
5580,664
980,8253
189,2959
3001,8351
3072,1594
7201,2751
4919,2258
9937,5914
7710,7522
8305,5783
188,8567
3751,5029
2398,103
7072,2598
6025,2182
4032,5737
7393,305
9878,7726
602,2347
121,2678
343,4707
8948,3818
4327,4701
2984,5488
923,9957
5116,154
3628,5739
4642,8608
8280,4155
9900,7597
6595,4318
1232,879
1398,310
7758,5502
2769,1377
5876,8105
7968,9678
7334,5306
487,7666
2246,7517
7339,5894
2206,2901
6027,4218
5923,4457
6170,6447
5287,6871
5100,9751
3094,4736
7377,7844
6065,8028
6041,3841
7952,5979
1651,4502
9967,108
4769,6019
5936,3421
692,4958
8736,1511
5118,8970
8124,2940
234,8474
6769,6507
9270,9843
8444,8437
1481,4564
8691,927
2291,3592
8495,234
1545,6998
6400,6443
7764,4946
8085,1078
9728,8397
3424,5107
6847,807
2458,8453
7020,6184
9043,2867
5910,6867
1646,6856
8531,3485
8840,8214
4974,4708
622,9468
4669,2009
9314,2370
3534,9095
1928,741
334,7099
1420,2708
5660,5636
8062,3430
529,5414
4983,3711
4518,3514
4589,2138
2450,9842
7795,3413
8877,683
2778,6596
6658,7702
9967,313
9722,3299
3770,359
1245,9629
9371,206
8803,7119
8373,7351
4675,3777
7246,1818
2845,2213
4671,4446
6992,6016
8002,229
1279,7638
3482,6487
7279,3679
1937,856
9273,4655
9774,5780
3310,6915
1959,1277
5829,2542
5293,9915
8777,1141
5959,7957
9227,9739
5951,7088
9238,602
2430,3092
5364,8392
2145,8071
1939,6372
510,8263
4374,7496
657,244
7504,4265
329,901
2682,6762
1074,4033
4708,8226
1315,8500
9154,6444
4667,593
6132,2011
8118,3018
9510,9932
1186,9255
3443,8524
9084,8269
906,1982
1245,4442
3739,4700
8757,5745
9810,2272
4716,2365
441,1979
3193,7715
1031,4734
1724,2408
2508,7192
9161,1531
3299,2337
974,2477
4188,9366
8521,8198
4802,9496
8831,6661
5934,9946
1928,5568
18,3341
902,5401
9826,5985
5659,2777
6875,1488
9715,9138
6266,5600
7320,7019
152,1217
4667,9911
9503,1995
4398,1173
3844,5005
52,1571
6111,1592
342,6647
2617,8325
7543,892
8791,4493
5171,8875
4501,4551
200,6444
2948,4317
9577,4086
7106,6057
7449,7420
9734,9590
1643,5810
958,6059
4065,7550
1811,9078
746,9186
2033,5961
2615,7809
1846,205
960,3967
9561,2296
8032,9812
2219,9330
1563,1711
904,1593
1534,1636
1761,3106
7518,9995
8561,8934
7069,4253
8739,5367
6922,8607
6627,2438
8854,1047
9723,160
8468,1763
7824,2963
2209,4682
7701,1751
2503,9438
198,2765
5881,3534
5454,6565
5864,7159
2049,1662
8825,4675
6581,4996
8217,9700
3113,1533
7957,1109
2050,4038
7320,2041
6437,8330
594,1648
4239,2037
8085,1847
7540,4374
1199,5487
8987,135
8313,9341
2471,8354
1350,2395
4545,7678
2387,6596
897,142
4991,5937
5902,3661
7718,3526
8829,6887
7948,2027
7026,1637
1497,822
5648,8743
2595,8630
2040,1147
19,2302
4736,9046
1709,2606
3303,2486
4891,9630
6852,2990
5338,8043
5318,5695
4157,2347
4931,5041
9483,2815
1539,6974
783,1538
7315,5016
4728,531
8344,3304
3009,6317
9470,4761
6046,1931
5068,9686
4794,9835
6041,3131
4664,7464
4872,7026
6112,5888
8384,6265
5237,7673
8218,1821
4727,1698
3324,4027
600,8936
9075,8710
224,656
1229,1966
4557,3557
1003,9460
3350,6793
8200,2636
9659,7079
5402,691
6176,823
9623,747
3742,6814
5706,1273
8636,1283
9574,1530
1961,4750
3068,8221
8272,9416
2740,9260
7668,9046
1342,1820
9432,572
7328,7882
4510,4566
7575,6536
2242,8931
3223,7083
7785,1775
8693,2692
4302,3654
7503,5019
7654,5706
6323,5385
9639,2739
3627,9311
3056,5296
3424,6524
753,5548
3902,4233
8769,7295
1242,1463
3829,8896
9878,485
8654,1095
5658,4742
5847,8394
1416,6914
8206,2553
7590,2482
1517,7262
2948,9526
9695,698
1758,2668
4632,4272
7956,5581
3772,3395
6972,914
6965,9445
3413,5892
8916,8986
9405,5564
837,7856
9619,1336
7572,6906
9869,5258
7957,4677
7464,3500
5099,7698
5298,3906
9421,9774
2500,5066
1825,5171
4895,6567
5982,9705
9965,7856
9001,8998
111,139
4625,4957
7704,6244
575,7445
6494,7532
8985,415
4353,2349
3043,4800
4976,5978
210,3904
4918,7342
2046,5181
6961,7254
5343,2318
2242,1264
1221,4420
4751,3061
2829,271
4238,3035
9002,5714
698,8746
5720,3848
2939,4904
9892,4432
6329,1229
2177,9044
6845,1587
8530,8094
8112,6062
1667,4808
798,6624
6409,4896
9550,3322
4854,7392
8633,7099
3923,2291
3481,9901
9002,8329
3923,821
2190,4907
5454,478
2436,5605
3340,4499
8996,2313
8139,8100
1459,7575
1672,4781
5183,4877
6887,6965
5220,4368
4053,1309
5583,1373
940,4977
3150,8022
185,8393
4149,3854
1495,4428
3524,5151
1208,1158
7690,7324
9864,7664
5742,5300
1084,3155
3886,4123
7548,7315
6509,6096
4130,2232
3919,6056
9104,1824
1335,7875
3760,7436
4257,1990
8359,3375
9103,5890
9692,576
3281,6140
7878,8667
8394,3892
6841,2520
4071,9205
7877,6220
7532,3065
3331,130
7457,2819
800,6806
2189,3472
8445,6052
9725,5567
3086,9413
8431,2263
7253,4224
562,9302
5237,9873
49,3079
2062,5790
8262,3947
9645,484
8466,4299
8585,5936
4003,343
9582,6076
2591,1776
9738,1684
1650,3532
9108,5897
3666,841
2034,9801
9141,9370
2440,4366
7054,8749
2982,8929
1853,4472
3661,8570
6210,6962
4645,6748
97,4040
5995,6469
8570,4286
587,2141
9515,1040
6113,7416
5123,8655
8713,63
2587,9166
8905,928
8071,5897
1731,9229
1241,2174
3672,8994
9480,3389
2376,7614
5581,6586
8332,541
5530,3009
2908,9292
9431,2499
7713,8661
4279,5194
2043,2180
7668,4925
2258,6471
1126,4453
4592,5907
1824,9153
9895,6741
7920,438
2498,3217
8193,6556
7194,4681
1244,4050
5658,1406
6017,1110
8635,7096
5534,8637
1282,8667
4290,9056
576,7918
5222,7596
964,3098
1304,1347
5793,162
7975,7740
8679,9727
2095,7196
758,6373
6811,6708
9678,84
1980,7093
9477,1373
6885,3661
9672,9296
3181,120
5123,1043
122,6831
7563,5307
1345,9374
4450,4400
9865,5729
7834,5324
6658,9669
1133,2973
3350,763
5755,2208
6599,7382
1218,8886
8976,2470
766,5512
2109,9464
1933,4325
9441,5818
2689,8282
4976,9045
3444,219
1955,2537
8938,4975
4544,8844
2686,7582
6835,730
5641,9741
8228,4407
7891,3745
560,4793
9424,4064
4088,9775
3454,317
1426,2534
1836,426
6621,4455
6392,1019
4032,8692
8427,1571
8907,1443
8559,1649
9256,9887
2170,9556
9477,111
3065,6304
1470,8446
9740,6698
8975,9086
9892,5742
3859,2816
2319,5873
8254,6685
79,2613
3291,9705
8152,1022
2115,4292
9222,9026
7199,2072
9617,7802
215,9820
1215,674
6898,8308
3614,1007
3732,7806
9475,1830
3123,9434
269,1833
4732,910
4496,2224
4563,8275
111,4383
8811,5885
9192,5939
1289,2591
9097,2316
4588,1505
4033,9944
4550,7483
8116,8441
3945,6567
9865,3127
4349,4801
7114,5587
1192,8079
8577,2785
3174,6257
9863,9791
2349,9574
8818,3281
5395,9434
3183,999
9319,4008
9281,7009
7199,4749
3496,5203
5480,3223
3102,4531
2461,4566
3920,5637
223,2335
8241,1165
6029,1439
331,2136
2487,4347
6599,1973
7069,2481
3961,1724
1791,2602
3948,3444
2239,3044
5610,7706
9886,6848
1814,5208
862,6507
2710,3076
5354,3359
8463,6340
942,8897
4862,4263
2267,8352
7047,1807
7265,6000
7505,8167
9960,5669
4948,206
1667,2779
9126,1501
8305,3512
642,3514
8727,60
5287,1298
6630,9720
7403,4126
8841,7004
7869,2035
9318,5426
2404,564
8796,880
12,2084
2177,1102
4832,1665
5634,7505
420,226
2406,9490
7486,4394
7562,3819
2542,2824
2292,215
1218,2372
345,637
3046,5888
4764,4645
8450,3803
8222,5372
6863,3617
5286,6664
3870,5659
5116,549
8980,6603
7020,7771
1756,697
7419,7769
2645,9255
8502,4126
4257,3900
1615,5794
857,8565
9493,2199
9554,2291
4483,3806
4219,536
8841,8464
5156,858
4698,2004
3511,306
3575,6040
2876,7594
2484,7200
3238,5673
4316,3762
2123,8322
9859,9661
4814,6514
7122,716
6139,6929
490,8853
9682,2587
9500,6785
6632,4407
3892,7247
144,1479
9978,9718
502,9227
1293,1493
9754,9668
6013,1791
5233,7063
1296,6320
8366,9806
7390,5869
1260,5644
9589,4954
6089,3613
7028,2655
8805,9108
7144,9532
2703,7257
3820,3595
8560,5861
1732,8107
7622,5087
3724,7008
506,4444
5897,5089
5795,798
4844,1060
7040,72
1124,7018
664,7218
8983,6505
1858,576
2894,3738
1665,8684
401,6296
8336,536
9200,6991
2514,8474
3053,2912
7969,3323
2071,5514
347,6524
1660,9456
7816,9217
1522,6678
6109,966
7981,2762
5758,9965
3289,2725
9333,2296
9176,5048
1064,1460
7600,941
2588,8976
3816,831
1778,6988
1449,5826
1979,6079
6504,7875
8111,8692
7835,3843
434,458
8347,5912
7236,9895
6894,1836
4370,940
5152,1007
2244,1480
6160,3730
1785,3378
5141,2319
3761,5750
4917,2911
3404,1921
9031,5991
9871,5911
4834,9549
724,9539
9510,6474
9496,9166
9007,5108
6870,4233
2651,7538
2046,7539
1227,7982
8106,9575
221,7893
9457,3031
4542,7912
1918,5138
3438,6862
349,5848
7147,3015
8379,6479
4393,2243
2412,1718
4857,2814
6776,1639
7629,6198
7451,2725
2071,3247
3182,1549
7858,5335
3617,7486
2495,902
2919,6494
7775,3174
2881,1805
7985,1429
2979,3453
1194,7834
5030,8430
3674,788
2882,3791
574,264
2049,7620
7086,3844
4480,9453
5252,6277
724,4368
8159,2730
1342,5035
4051,7553
5811,9847
2971,5828
7228,7164
9162,8050
7189,6021
6291,4649
2410,5792
1248,7872
9550,2544
9052,2820
9466,3380
2154,9466
5715,1209
8408,7384
5605,7275
4983,6130
7116,1847
389,1509
8883,4122
9079,8001
8569,3650
7679,1456
904,5753
8576,2746
7437,3219
3913,5325
9412,7194
818,1938
5622,7030
6184,5994
5741,3389
918,7177
9956,1362
7669,1263
7739,9658
7277,1577
965,7006
8831,6398
8730,6045
5224,736
6305,5629
7401,6917
4650,9784
3838,8193
6138,9444
6213,2481
3577,7151
2919,4117
7797,9418
416,6358
9823,631
2663,3155
1633,6137
6146,3215
7984,1846
1601,3025
2370,5920
6038,542
9714,7939
4228,2571
9894,1209
5373,1747
9169,4498
3545,9335
536,387
1631,2346
2212,3906
2448,9977
8020,6321
720,5227
9866,4750
5305,4196
5406,4032
2874,7629
95,5186
4620,5530
6179,3665
411,7461
2763,7506
55,7858
1741,3352
1173,6198
8579,2571
8515,9646
8387,9550
1063,9360
8658,6917
1413,5602
488,3405
1875,2866
6528,9643
8401,9479
7415,8672
749,6338
6452,1224
3124,8162
4809,7442
1275,615
9612,6320
8788,7280
1246,2289
4672,2811
4700,9042
7100,6392
4625,3557
6793,2180
1651,8491
3348,9926
248,5947
9413,7692
6436,9727
5473,4469
7308,2570
9480,2818
7152,55
9110,7849
4699,427
6642,2870
372,519
1230,2771
3018,8202
9426,7136
9538,6533
389,3413
7032,1931
1253,8091
4912,7034
8431,1741
7875,3687
2804,3613
8141,8765
9632,7193
9487,7785
9491,9477
9869,193
8878,6629
4609,1950
2800,8833
5483,3389
564,4448
5789,742
6864,2442
5440,1381
9191,1147
6479,4029
8863,2836
3199,7881
9629,418
919,8397
8945,9389
6676,2565
6985,8605
3963,760
7250,3703
8324,9099
7491,2797
1269,9413
5397,2502
243,7878
6633,168
8516,886
5478,7980
6549,6988
3644,3734
7174,3511
8766,5969
468,8125
2868,354
4523,6062
8544,8069
5934,2105
4601,7534
3634,5406
2767,5269
4639,8309
6255,8591
3250,7249
8647,3341
1823,3537
6352,52
8795,6258
6590,9078
4002,4969
9891,3019
8082,6166
354,5098
3286,8543
2483,634
2736,5528
7060,8484
9786,6732
4091,2313
1765,8533
3294,4591
7319,9350
7783,3146
9208,1622
9905,9041
77,2633
8544,2715
1584,1626
387,9143
9235,139
3809,5869
6465,9723
3603,3587
3491,8983
6,5549
9489,3000
217,8566
7272,1102
3363,1766
598,4010
3586,2611
5417,760
4625,5489
9884,8977
5667,9809
2342,354
3629,9970
5939,3695
9838,7530
9619,510
2351,3161
6595,6050
9439,4585
6246,4741
1722,8919
5058,9762
3958,7486
132,7590
5389,2382
9722,9319
3562,92
6135,2671
9378,3788
6230,1414
7006,7078
1464,350
5017,9833
5114,7583
6385,7152
8877,6798
2184,6255
3766,3675
33,2522
6385,5168
1188,48
273,1533
138,6521
992,2440
9950,8016
5328,50
6609,4161
3166,5001
3920,7861
891,6355
8249,6579
2269,6145
5604,9806
1083,2093
1962,1569
4971,4806
318,3435
539,8592
1062,9941
3212,6415
345,2182
8075,8126
2114,4459
7797,1113
4050,5526
2134,8754
5559,2026
5578,2988
6470,3995
9846,6861
6567,3608
3545,3291
5065,6060
4597,2077
2755,9921
6932,8999
9807,9525
3015,3138
2737,5711
8703,5406
780,949
8081,3027
3860,1981
1708,7152
2197,6706
2762,9820
4848,3996
2254,7692
1711,4679
5876,1771
2030,9326
3837,4893
5416,8886
8167,2647
9684,2763
7605,9245
9688,1864
3313,2666
3731,4874
3627,627
74,5303
3148,117
4873,41
4228,2432
3306,4469
2739,707
6816,1286
3940,2062
8993,5223
8182,589
2756,2988
8280,7055
41,8263
7906,3467
6405,2742
5900,9092
7561,9732
862,7706
8808,6111
4670,1606
1731,8554
912,1593
348,6551
4491,1663
9018,4377
1433,5246
6945,299
9871,6280
6510,9137
476,2531
2583,5360
5814,3307
1207,6588
3373,9207
940,6916
3842,2543
8414,3674
8378,3826
8365,1824
4121,3842
8672,8232
8292,5298
8208,2978
3804,7080
4957,240
2008,9364
3939,1102
1328,8672
5455,5065
2891,8436
6534,6917
8518,5998
5281,3022
7411,3072
5416,5802
530,3551
923,5380
2482,6723
4965,4105
7809,5162
1607,1129
1768,9593
7426,4075
9408,9210
6545,6629
2622,5913
8156,8440
5619,2888
2504,7255
9844,4981
3479,758
930,1015
934,6000
2675,2822
8797,4833
2949,7090
4986,9690
5795,648
2138,6533
8081,6468
9176,8249
3066,7487
3277,3205
2913,8926
9762,6729
550,6117
8817,8020
7372,9890
9575,1240
9616,2409
1802,2894
5026,7215
8167,584
4081,4267
3111,7606
6651,2655
5284,5909
1092,3401
7967,5728
5588,3316
2531,7954
647,3244
5116,3724
7785,6373
7362,441
9513,9110
3928,5248
9759,6337
8776,7657
1263,2757
6889,8232
3240,5259
1162,7364
9202,6456
8867,7567
1350,3870
9803,9934
3414,3596
1385,3826
2714,2913
264,6612
2924,5135
2577,2097
7914,3475
8101,9004
3162,6722
1142,5291
3622,5333
9007,264
4010,669
7261,2968
9940,6871
5526,7812
4381,6851
9913,4754
6231,3226
3334,5215
8464,8423
4499,4789
192,2395
2541,8670
6106,406
5098,1316
1549,8031
8034,5162
6538,8135
6611,7628
2637,522
3601,2341
4785,8852
3731,7249
514,7000
8320,3470
7820,1117
5499,5936
9154,9161
1646,6042
7008,3090
9960,6909
2024,5594
9246,1547
642,9501
7190,911
1820,6283
4163,7372
509,8805
9450,9401
4473,3016
2270,5613
4020,485
9947,8174
9368,7754
1801,5667
5984,9106
8667,3725
578,8897
3800,17
8326,8346
8403,387
9166,931
9509,8562
4962,1473
8801,1960
433,5969
9832,8144
9388,2230
5899,6587
6640,2834
7377,4116
944,6337
2961,6193
6232,3640
3038,7164
1441,1635
6742,3171
8480,8418
9963,2095
5346,594
1199,2720
9754,5684
2417,7946
137,4657
2181,9172
1751,9610
4134,8185
2445,8037
4183,9739
2000,8777
6184,9270
4298,7000
1802,9541
1312,210
5927,8323
9367,2594
8399,8145
3566,1492
1897,9310
6040,1726
6855,2597
4859,5632
7373,9564
5334,847
3852,2623
2798,5661
1086,3603
5770,4826
2768,8812
124,6828
9396,5355
1446,787
8491,7428
2217,9459
6527,3086
594,9784
8715,7626
6798,9940
4259,4071
1296,7529
4273,6558
9802,2069
9127,1553
6163,9422
8858,6246
1554,1844
4748,2092
842,515
453,7672
1050,9108
6640,4844
4249,8773
7752,8629
9343,8456
3746,2372
5479,9387
7681,9843
6735,5449
7585,6169
9907,2431
5334,6331
5545,1671
7236,9429
5866,8026
6150,619
8885,5843
1941,2978
3819,2260
638,8557
7795,1217
5880,3579
2901,1078
2161,8485
3087,8523
1683,2367
7229,5752
9172,8194
1019,5411
624,5501
1590,1700
7039,5160
5760,5017
801,375
7599,4503
8916,37
4838,8350
971,2392
7095,1137
5398,6009
6450,8220
6905,7128
6525,2313
3376,7276
9362,9937
2570,817
835,330
7153,1472
7713,1441
5694,897
3485,1532
7520,9860
4087,4935
1280,4568
513,8522
8755,8957
6283,902
5486,4620
824,1332
1320,2246
3118,5695
6215,3869
9277,9178
9751,7713
4983,5697
7001,6477
7725,6283
223,4130
9051,1718
7882,841
851,9423
1470,7108
1015,8538
6482,9473
7463,661
4301,1222
5756,4947
8969,962
1574,6302
610,7886
2922,7880
6186,5606
2949,4081
1304,776
6994,6686
4768,2817
7604,7003
1327,8005
6091,2320
7712,3763
6964,5762
550,654
4484,2198
6164,1650
6575,5567
2265,5601
9341,8024
9784,3598
6418,8141
8728,7191
299,829
7160,8949
4662,9452
8158,4366
1485,1767
5539,2689
7428,4118
8205,9564
5508,6626
710,5958
2380,887
5831,5285
6350,5959
4105,4784
5302,9141
8728,9528
5630,312
1056,5101
1713,9803
3627,6501
1549,4418
2599,347
8362,5024
9884,764
152,8262
928,78
2000,9370
6990,1533
7966,3417
9507,8020
3670,1306
9757,2290
8171,923
4188,7048
5026,9869
414,9613
306,6623
5203,3232
9465,5035
1193,881
2648,7751
8947,3434
1460,8607
5827,6176
8438,3164
2860,5846
4148,7259
755,1708
6845,9104
5620,5613
4711,7108
8889,3055
4816,1612
9335,9608
5199,8071
4156,3891
8635,1252
9665,6734
9451,120
6973,8933
9575,2117
1416,5228
2505,4963
1880,3323
7926,5530
4790,1626
7413,3220
6314,918
3658,8081
2231,8942
3375,4497
4192,770
33,9727
4708,5636
9325,9219
7569,6656
2268,5863
8736,5250
9554,5698
7008,6903
9605,8471
3749,8111
2027,4269
7641,7479
9065,9704
2018,4752
5268,197
7289,2419
6792,9288
7384,587
7953,7494
3162,5507
3784,8971
2737,591
9969,228
3280,4051
1285,8903
1074,2275
514,6952
3924,7824
6748,7722
1385,1473
5806,5111
2952,4615
4160,7654
4785,2829
1426,8070
2888,8449
4702,8233
4908,1855
8970,41
33,1978
9930,69
6501,8668
2489,4281
548,8984
1239,3942
9451,9457
795,2335
1634,3037
5395,9361
898,8522
7407,9300
872,5238
6637,3434
1671,1787
2973,1307
4040,6492
9935,7127
670,1072
6251,6200
7948,4029
3919,1807
5270,7515
5391,362
1389,2871
5718,9642
7211,7432
5600,2599
1956,6995
6123,9061
9143,4139
3517,6002
1599,7698
8700,6915
5053,908
5781,6660
6981,5342
1486,8111
2398,1634
6875,3462
2166,960
8522,1623
3778,831
361,2595
9470,1146
1544,5117
5387,2968
8578,6985
788,8376
3422,2385
8095,5547
8325,1346
7296,374
5121,7788
4999,3053
3388,8211
5744,3840
5118,7698
6294,6064
3651,1948
1949,1065
5209,6863
6685,7253
5009,6929
2803,5294
5178,9301
3971,7054
1184,2478
7284,565
3021,3441
1828,1654
9219,9813
709,4615
4851,192
3295,2044
3173,8620
955,2774
3445,6627
6069,6147
584,9566
9934,6368
5196,8944
2890,4617
4101,9070
7927,2383
7940,6958
1152,5823
3444,278
7152,2764
6692,8739
1581,3279
3927,1768
5674,1824
2499,5780
1095,6096
510,7628
3160,8251
6506,4322
2349,7793
2436,6901
1823,8242
9639,2052
906,8524
637,9070
547,7601
8411,2215
7727,3562
4176,9960
9423,5229
6128,6826
2486,7951
9552,7267
3799,2069
6026,5148
293,5362
4496,2335
4494,2520
3552,4205
2898,415
1956,303
1574,4743
3202,4774
7730,3624
7014,6929
8839,5537
5437,3983
214,1749
6150,3090
4126,6452
695,9863
1882,4719
4840,2712
6105,2479
6978,5048
3056,8287
2937,3069
3073,9966
9411,883
790,9431
1733,2527
3134,435
4365,6287
4933,626
3508,5548
9848,8310
5864,3257
4766,5277
9349,3759
7756,5245
6033,6929
5237,4967
4269,739
9502,6724
4439,9946
6265,8296
6204,8922
4010,1398
1627,1586
6639,7045
8106,1574
9899,3650
4109,7230
8818,6991
5053,2622
4455,401
9306,3257
9926,5758
6030,9013
8743,6233
3642,4351
781,787
7819,7034
3427,8608
5460,5549
8162,9441
3875,6046
5100,8983
6621,1186
9112,9441
9729,9121
1956,6838
3040,5048
2953,1318
1528,9334
6428,1906
7144,1287
1697,649
1534,5466
5947,3506
8920,712
9892,550
6537,6724
5989,9939
2473,5854
6721,6846
6879,4987
9548,843
3560,2715
931,6368
9525,8725
7532,5907
8746,8241
6954,9123
9384,2196
5897,3044
5014,2855
2797,4863
4574,9536
2265,7201
1164,6864
6629,4651
5803,9854
1248,8037
8734,7067
6290,2085
132,4171
9595,2856
24,3938
3839,7273
176,4034
450,6217
7134,3468
638,6192
8254,2407
1951,6960
6344,5080
1681,9104
6565,4628
3660,9933
1338,6375
4769,2787
407,8664
2099,1318
121,5889
9121,4822
8389,3484
6569,7179
4113,6323
3209,6582
6459,8166
2618,3056
3131,2808
5280,193
5346,1593
7859,7600
1748,1425
9159,625
674,6392
7373,1528
5894,5234
474,6118
6997,9206
9940,3683
7567,8688
3099,2360
4078,4601
5780,9470
8959,5358
1014,4166
3974,8083
5895,281
8173,8210
3630,9046
1223,18
9484,5594
2172,2288
6712,220
9516,80
9924,5249
7109,9097
8807,5544
7766,1316
2625,1869
39,1653
8310,5343
5954,4769
4380,3501
6674,9181
9940,5622
7555,5740
3637,8244
7998,1899
5042,2537
2127,72
4465,1811
687,2839
3067,7473
8821,7078
4233,6960
4169,9150
3623,3644
9528,7398
7719,5762
9652,764
4958,1852
7344,6283
1866,1205
4339,9752
3495,2253
5848,8087
2794,5904
6551,9500
6415,9462
4283,4700
8145,7657
3099,2771
7147,8865
2512,2369
6614,2285
7898,2974
8348,7185
1631,8015
7791,4257
3802,9476
7053,5062
2183,128
5476,9647
2912,3678
5465,6721
3383,3828
7817,2547
2614,9891
7539,4886
3322,2036
1599,5679
2434,4421
4695,4129
5883,701
4154,1077
9917,4376
4779,914
7511,3201
8386,917
3990,5398
3218,1646
4221,8505
3857,7070
1440,297
7781,5121
6346,4922
9178,843
5841,4745
1519,1614
6308,725
8729,3575
1756,801
3929,7263
9607,8978
345,7721
3774,4917
3496,4389
3945,6029
975,4691
205,5198
847,3097
5069,7678
2304,9120
6033,5880
2099,8412
1293,2401
7030,6034
1140,9048
7336,2752
770,6886
621,9656
4410,2878
5187,9551
5421,3831
9015,7261
4119,8066
2036,1418
574,9568
8879,3526
2392,7243
6630,4786
1672,4331
5280,9996
6658,9879
7506,367
4,3692
6069,7908
8644,3625
8345,3560
9123,6800
2004,2970
740,7141
637,6830
1506,6351
3238,1148
6049,2513
6292,9027
152,2627
4361,197
5785,2497
2463,2991
6869,5101
75,8187
1836,6455
4027,3429
6347,8363
5948,686
9358,4102
5014,1327
7267,8220
9232,257
540,754
1784,3189
2552,7008
2747,6551
1601,9166
9922,5929
1408,1685
842,5491
4284,9496
3987,36
5172,3133
5680,8465
6419,5895
879,2190
1661,3284
7250,9958
6586,700
4831,3438
8696,1366
4310,5013
3965,9273
1952,500
3454,253
5757,2771
3359,5136
3340,9371
6873,1790
6622,5919
8048,1339
9981,1328
8577,4428
5795,7920
8116,5898
6114,5785
2227,2424
3726,162
4154,3707
890,1755
3406,7388
1345,3065
9925,6578
1542,1525
492,6301
42,563
2151,166
4462,1450
3555,424
1989,3844
2124,7273
7738,1472
2607,562
5948,8672
3851,1547
7758,1208
4202,5739
5354,9090
9693,46
9919,8253
8056,2319
9806,9475
8824,557
3379,2043
2127,7052
8916,8020
2632,3474
9409,4317
7375,2429
43,7320
1987,519
8872,5420
4569,9739
9440,1431
7629,8107
8694,8108
7091,1423
6841,8310
2861,8739
5883,7266
8487,276
155,4763
2965,579
4896,5264
8907,1742
3200,1190
1316,8250
8045,6499
9517,9755
3583,9340
5416,1965
4740,5309
9675,4222
3134,8060
5861,6074
558,8121
5198,156
8673,8012
9217,1786
9981,7573
6224,7183
8938,6990
6393,6643
3861,1168
1224,2746
4658,489
1871,8912
562,8912
9364,8080
7609,3399
3931,4459
5552,7930
6650,1004
8728,9472
5689,2023
8102,9254
219,2998
742,9249
915,3386
8104,2190
1193,3823
6683,8999
8483,7623
5821,9460
1174,9733
6704,9706
1695,4529
2059,7152
8405,5762
3536,2014
5519,3238
2979,9761
9669,5036
850,6481
3759,8140
9807,3064
2772,991
1233,1237
7790,9671
7127,1829
6179,2762
8341,5078
1932,3289
7416,9703
5024,7347
2610,7437
1831,1796
8065,3313
5532,8872
6339,8177
6285,2798
2649,4677
1894,3080
5806,4098
9453,9376
7336,1289
1272,555
9220,7630
790,4031
291,9978
9896,4041
3906,1668
9710,5225
5916,5284
3017,939
4733,8530
1387,8405
7982,8768
7996,2431
6259,9473
213,8182
2882,5151
1419,6565
3405,4576
1657,2141
2005,1625
7362,3983
7981,7061
5252,764
5840,8519
4833,213
5419,989
8957,4798
4788,4380
3668,6115
2860,6802
1124,6268
5473,6680
8385,2075
7095,3977
1825,9579
1281,4037
3133,4570
3292,3521
9962,8955
5531,8365
6443,4586
8406,9429
8192,9911
5550,5580
1486,3563
4461,6185
1044,2379
3887,9893
6277,9508
2565,6083
9166,7205
8014,6692
817,446
7903,169
7701,2542
7691,9270
5219,2274
8159,8443
9298,8403
2350,2102
7094,4931
8625,8176
947,2121
6552,9265
2230,7369
1376,3932
9224,7488
5586,8475
6327,8238
9916,8855
8531,509
6135,501
1180,2037
3177,2765
7151,5964
7375,4501
5058,9373
9154,9829
930,4225
8544,7964
9751,2849
5907,7463
7111,7343
4388,8602
9489,18
3842,5342
8068,8933
6226,7198
5290,3066
394,8545
3466,1112
1138,4029
2927,2547
8583,6020
8713,1006
7854,1599
3415,6128
6506,2073
1838,5579
6783,7696
3328,5679
1080,8408
6158,5642
6361,2835
4892,2287
8889,870
7981,1616
8893,3694
4084,3872
6566,8372
3879,8440
3997,4208
7904,9320
2500,2357
9902,8573
7762,3789
9133,4507
6716,6717
1856,1758
9775,5955
8324,3025
5543,2607
5995,2694
2593,5062
2908,9830
587,429
2179,440
9898,9701
598,7020
1845,7670
3332,9496
854,5486
884,3410
6148,5662
4495,5758
5843,9132
7676,8843
5115,9823
1921,1587
6027,575
3630,447
7602,5289
1452,166
399,4355
6959,7928
5872,8125
5787,54
1281,8879
5214,6960
7658,4371
1651,3119
219,1787
1587,5097
9111,6329
3552,9992
4058,658
4074,6241
8936,4731
7082,6075
1126,7310
3306,8670
5043,4212
45,2948
4002,2712
7394,8510
5791,9977
8797,4264
5561,5969
8556,9925
8561,6785
8238,5109
3938,1946
7315,6350
6704,8615
3341,7887
4452,6224
5640,6691
4264,4395
6569,7696
2849,8683
8177,5406
610,9689
5604,3126
7079,9172
2945,940
6782,695
7345,680
344,950
473,2837
4536,7354
3996,331
2775,5983
7275,7414
9835,2007
7415,4139
2826,9245
7595,2453
1660,9553
2395,3628
7437,5820
9823,7446
4790,6035
6566,3452
3727,4919
6868,1079
601,5518
2609,1639
1172,7356
2753,2505
3568,4188
3783,9013
7085,7926
3879,4213
3552,805
3794,6124
2732,4708
7605,7780
8840,1171
2120,5972
2456,4691
4316,5746
9210,9646
6636,1162
7006,3541
9417,3734
6808,3902
4471,2084
2959,2687
3449,1707
5874,3545
8688,8456
1410,1329
4268,277
9470,9936
6122,1081
6935,1396
5371,5821
292,15
8124,500
20,4576
4940,4012
809,3464
7533,3621
8323,7884
7516,9216
2067,1762
659,6097
4490,4048
6101,6253
4174,3807
1236,9774
7751,2126
4991,7170
2749,3067
8578,7405
9790,9920
4578,9135
5291,1031
6592,6994
6771,6790
6580,1814
4973,8217
2666,6870
8189,3291
1850,392
1769,7095
2820,621
3644,4499
8885,6507
9932,5964
6463,9899
4735,2814
8003,9582
313,7427
8341,3861
9893,2447
4793,9029
6413,176
5716,9880
7240,9226
3747,6591
4876,4103
5685,7295
2739,4356
6121,6535
7758,944
4837,2151
84,1763
4962,1013
2386,1071
7742,5680
5385,8648
5046,3106
175,8706
9493,1278
402,7568
4789,6180
4914,7003
2184,5615
5775,8546
4303,4606
9954,3060
3301,2237
9940,6664
2580,5760
6691,2710
4871,4000
7621,2502
3519,7864
7554,5095
2685,453
2404,5625
4768,4538
9473,4227
9062,1704
4702,7821
2555,2676
3565,5466
4854,3926
298,4169
4184,5934
3670,1832
7904,3483
4193,1032
6435,5993
5329,905
9792,2852
47,3618
7332,6936
9971,3664
679,5680
6512,152
7025,1594
5670,2869
6486,2708
3587,9861
9227,1402
1974,3140
7891,5338
2896,3770
1821,3581
9642,838
9520,2356
2286,3590
835,1993
3977,4317
9607,8457
1775,2967
8010,4064
7933,49
4380,1375
9639,4898
4719,7700
3970,8636
1011,1048
2224,4669
1327,6409
7226,4976
9452,6885
4918,6012
8830,6828
2447,5600
7151,8517
6704,8689
5776,1174
5956,3548
6638,1132
6217,9228
600,3267
8310,6915
9579,3633
384,5350
9903,7952
196,8619
9971,7571
5953,7142
6970,6544
7963,4699
6007,4808
4005,5541
5724,8418
3579,6160
6870,1204
7002,4935
1507,3941
2371,7502
8920,4652
646,1475
466,172
2387,2915
9897,1577
591,5846
4550,6474
1020,5184
8104,8001
875,8219
8858,6325
998,6704
7445,2462
2880,1025
2116,6501
607,3078
5454,5068
6270,8964
1200,9400
6087,302
4155,6514
527,9640
655,8627
1794,4798
5655,9218
5722,1817
9653,9487
9432,2919
2356,6935
8402,2096
2247,8639
5790,7638
3774,7499
6736,8896
778,2734
1857,3235
6553,5169
7615,6657
1946,4652
7805,4866
1664,2755
2775,9559
2717,1567
7589,1656
854,478
6347,324
3556,1211
1903,9044
6447,8456
2168,2563
4281,9306
738,8229
5548,2216
2230,1491
6331,4675
7547,9705
4131,4783
9246,359
2557,2710
9575,4436
8538,3829
7296,4965
3017,862
8826,3986
8746,8144
1078,6274
8010,5659
3487,288
5527,2440
9257,5291
7577,8787
4832,4005
1667,1298
6556,8653
7230,4094
4311,7921
372,4571
5813,1510
8335,1750
5855,7380
5153,5001
9416,1695
9240,9813
1901,7437
6674,1418
182,6048
9143,9322
9260,8961
8015,4096
5688,682
5221,7180
5881,3820
8142,1267
2274,7474
2312,4110
8003,528
2130,4730
7485,6538
2244,1252
2278,1267
3625,1869
4511,2064
9770,1047
2910,6062
8577,110
3700,9165
1579,6781
4407,7443
8532,4523
9846,7617
4933,7222
5878,4682
8411,1723
2631,142
4763,1400
2473,8823
7990,5729
5595,647
534,2407
3324,8856
3390,9028
9526,8651
3323,2140
879,8145
7543,4079
6553,3969
5779,125
5975,4604
4240,8359
7584,8890
6839,8542
3465,5552
7265,8755
3922,5745
8984,8341
2364,7230
7734,9066
5239,7406
5890,8242
6812,1414
9716,36
1228,1590
600,9470
8415,9141
3103,89
2927,8174
3744,776
8778,303
5963,1042
9319,9123
2863,1790
5330,8076
7767,7140
7083,8516
2807,4637
5833,1405
7945,6979
6235,5438
7168,1952
706,7404
6317,3248
5403,7646
3906,9505
5429,1346
8839,9475
5778,9782
8133,8507
8884,9070
2995,8296
8382,8657
1410,3166
1286,9179
6835,330
9935,5519
3486,7544
4256,9744
4543,9967
9789,3687
5548,9280
9494,1902
6798,3917
3978,6581
2762,1465
1085,8797
9604,188
4442,6072
7806,4404
2052,9617
7959,9575
7574,6279
772,434
7213,5283
6237,4926
3705,396
424,5932
3862,367
3718,5953
413,3605
6340,1679
4801,3765
7268,6474
7040,29
5939,3226
7727,9726
5986,5141
2795,5358
5521,128
4098,2581
1918,6555
1654,7951
539,5079
9281,6080
3713,9197
3314,9117
6787,4624
2892,7801
9016,4059
5595,3211
1977,8230
3332,4957
6327,4139
1252,3385
9,6603
9094,1280
3823,9846
3784,2170
4731,9965
9174,8808
182,3143
4155,1629
3275,2626
2606,2922
274,7520
8313,230
5866,8577
9667,1955
770,9015
5031,7071
6468,813
7894,4255
1199,9698
2298,9349
6129,6965
6371,1911
6789,6145
554,1115
3514,5289
201,8895
2009,7962
3988,2529
4054,400
566,8640
30,8122
3601,4449
2783,9004
5685,3773
1158,4277
4332,3938
5461,2510
6284,761
1903,547
7530,3699
1858,7018
9253,7251
1290,3597
3058,9098
5180,6546
1892,1526
7558,6232
2830,7945
8743,3353
4480,534
5677,7166
6851,929
7431,426
7603,5906
1738,5913
1284,8033
7652,758
695,6402
9497,2240
3265,955
7598,9004
4570,1866
8609,8649
5531,730
6399,9950
32,2342
4447,2321
6061,9914
9203,4735
6227,4610
1952,8061
9142,616
2272,9067
1694,4237
7403,4658
8542,566
2019,9739
6,1495
5342,6583
4288,8330
2100,3456
6938,6566
1270,5134
7371,3260
898,7488
3262,1972
7615,2943
1563,543
324,2843
7363,8616
9419,7613
