9124,5263
7385,3822
5077,2623
5598,506
8986,4901
3173,5404
4477,5529
94,3896
8023,1638
9040,9606
1276,246
9519,553
1988,4034
3643,1608
4714,4623
4718,1510
8753,8429
3254,4617
8682,5195
611,9543
2445,7432
5111,2911
3967,3482
9847,5085
695,1613
3353,3535
8520,1781
4585,9127
5264,8295
4680,6335
7428,6035
3718,9795
4985,3898
5793,872
400,6508
1331,6096
1523,1189
4086,9138
6675,1240
1188,510
9776,3656
8182,3600
5291,4593
5001,3782
1177,7547
6868,5780
8515,3708
4932,945
2850,8250
3547,9720
3015,908
9841,8418
2061,3529
7006,1912
5498,1152
8750,5744
6909,7277
3020,9292
86,7892
4365,9264
5157,3620
6487,9057
9595,5146
2380,1232
2701,2020
7103,8229
2232,4400
3040,5044
1584,6749
4145,869
4074,7647
4607,5769
7577,3849
4700,8828
6057,1733
7608,3308
9273,5078
1811,8847
1520,5255
7908,3249
650,2528
3379,2660
4385,3455
533,4257
8000,5723
5330,8544
2999,933
6152,1429
9160,8065
9888,6404
1577,4586
375,7025
4959,2692
3918,1113
1614,9526
1156,1916
8017,4108
3924,8054
5123,2850
2156,1358
9808,1376
484,9535
1263,3594
8664,9112
4169,9116
7958,2915
8648,7678
2671,3219
7251,6753
1616,3191
7278,6553
6443,4425
2130,2281
8323,8013
1160,1336
9534,3868
3451,3746
4249,8986
4585,299
6219,8950
5570,4624
4281,3043
5845,9194
7890,9637
1554,7256
7129,6939
2125,7268
4788,1656
4712,6286
8894,9635
2409,4261
2432,5098
6547,8241
948,6866
4643,4519
6784,3727
9209,8925
4352,8645
3474,2265
4693,456
6628,5122
9576,4548
9190,6857
3467,1100
5166,2084
7894,3577
501,7789
3460,9160
6025,1411
5802,3808
2638,1115
7476,1719
8627,9105
5955,6152
4105,8720
8921,2178
4382,940
2053,1543
8783,578
350,8294
1100,6389
8951,6990
5357,29
3256,6936
2248,5541
6110,8354
6290,7573
2785,2626
2210,9884
5170,40
9702,9838
1119,5570
6763,8499
620,7794
4015,6494
2697,1269
966,3425
9610,90
7810,2490
9423,8731
3125,7320
6831,9016
9419,9790
4072,6345
2829,7829
6910,7215
8441,2432
5521,195
2934,1114
2977,2076
8608,3638
3224,14
411,7756
9871,8962
371,4683
8177,5849
2607,459
4624,6365
7957,4132
7476,9584
6919,7691
7311,9488
818,5113
1539,8591
5172,4315
2809,697
5354,8612
1143,9986
1457,3913
1638,5711
2966,4340
1427,6260
6954,5301
8786,5205
8621,7295
1771,9016
9766,1131
2326,9427
6475,2836
6881,1697
2507,5312
2290,6338
7753,2069
8494,158
8345,362
5536,8988
5131,9309
644,6296
8805,7707
1827,1755
9687,4886
8318,755
4521,1408
8980,7310
5516,9034
5145,6310
1899,4898
6654,37
747,5082
1217,7286
7448,8590
856,6164
9752,4934
6788,7215
1511,6678
3312,1881
1356,1538
7217,7612
516,8061
1790,118
2744,8895
2311,8482
7022,988
8503,604
4279,597
441,8283
1548,7225
9428,5565
4455,8017
4878,1211
4165,4871
5225,2273
7137,4592
5771,752
3958,486
3637,2576
645,5740
1458,7647
7408,1252
1506,1824
7602,8707
5418,5484
2734,3976
622,8472
6295,2536
9965,1676
8726,9860
194,8375
1178,1593
8463,635
4961,2023
1864,8803
763,7141
2003,2335
9316,5383
110,7840
5473,6604
8641,1335
9403,8953
2039,2034
4306,6342
9017,4652
3552,2670
811,5816
9598,682
4674,5763
9211,5276
8918,2885
6900,6013
4170,5032
8322,7781
4159,9506
5389,9096
4289,4739
8393,387
964,9917
5956,8907
4719,3037
9601,960
9106,9992
7012,2018
4697,7615
8108,4319
7815,8242
2903,7605
4132,7114
7574,6898
4072,9945
3201,8613
5875,8335
4516,7935
4311,5583
9296,968
4520,6534
8045,6270
1271,5567
4655,5380
480,8163
4756,7689
2198,5737
5020,5157
6149,6235
1095,8603
4898,3651
3286,1706
1116,9855
3891,5126
1985,9650
5189,2875
2634,7732
8721,9473
8577,6866
3379,814
214,6345
9120,6337
6338,5500
9010,3145
3972,6712
8956,383
6231,7916
9,8370
6652,6020
2367,641
5920,8512
9142,6309
2732,979
4394,6259
598,7542
4660,9268
8028,1012
446,5701
3017,3647
6511,4974
9240,8465
7680,9750
5054,2415
4690,1467
8453,828
7940,2003
632,9949
7496,3444
87,4926
7663,4832
4857,3534
952,9513
3450,8392
6684,5240
2704,843
19,5984
6263,3753
1343,4046
2749,7252
9760,5821
6040,378
4716,895
821,6851
7420,117
4321,4382
7431,7993
8866,5571
9,605
356,9650
1493,9401
3759,2759
5854,7128
7165,874
7994,6977
9715,5135
3734,7123
5827,3563
8722,3558
9031,7493
4832,9232
8519,2160
6896,2134
5057,9768
948,99
6673,2809
9683,2246
7582,4126
3207,6355
8008,6908
1975,7440
5196,9168
4275,1362
4641,7418
5660,5083
1789,2007
1751,6168
8149,767
8516,9948
5581,7397
6208,4822
3688,7791
9052,279
2272,3717
7648,8331
5560,7556
4228,5765
3663,7163
9815,977
1492,2487
3437,7196
1864,9305
2940,2144
2180,4641
3453,2845
2271,627
4818,3576
7344,6046
8751,5790
6238,4584
8920,7031
387,6655
6854,1262
8760,3438
3501,9092
7305,7287
5211,7183
1867,3994
9084,6710
7463,2398
4546,9470
9486,9996
5981,4581
9831,6255
4442,9797
5500,6561
7395,6738
8022,9386
5780,79
1142,6843
8283,9766
1019,1955
2476,5535
4079,778
718,7774
549,1113
1041,4233
5835,4016
4788,9630
5892,7267
5100,5585
502,4377
1300,9210
4341,1576
8188,7138
4870,2803
8676,6382
6094,67
7893,1922
2304,4879
304,9296
3711,3844
2777,3127
7493,4827
6750,3060
8076,2698
3775,5736
3527,5746
5252,9464
9848,7401
616,1595
4955,2754
8330,1108
5676,5193
9574,5649
8794,1941
5683,8479
2871,7022
5577,6073
716,2840
3716,5588
5303,1921
4125,1206
1288,1153
3707,2774
9983,4165
2856,8930
3093,2421
5319,8701
7995,9520
4194,5350
4903,6857
5404,5243
9977,4815
956,6141
2940,579
9512,5939
4540,8963
7965,134
6220,7498
4021,1254
9683,639
2389,101
9567,7907
8787,3803
6960,8779
1160,2228
945,6603
2256,3226
3712,6821
2938,1840
1023,366
6240,7985
6606,7346
2802,6158
6009,6138
8523,4150
3572,845
3498,3621
1557,6622
9539,5698
8987,8173
2273,9805
947,9853
9968,5567
5927,8722
9012,1978
3627,9002
5922,2866
5766,7342
6987,9412
9190,7268
2228,2296
2812,2949
9741,8894
1141,2827
8607,3267
3431,7843
8882,2324
9217,1764
1262,1308
3416,7160
3379,8835
714,2116
9744,784
7087,1457
6743,9665
3971,7178
6740,7545
8841,4139
4394,1895
5867,2405
9545,9976
8901,6109
1688,8406
2878,473
155,5393
2624,8425
8197,9641
9007,7453
3671,1834
622,9958
5472,6213
5507,9905
7554,5589
2577,5795
616,7985
4002,3791
4329,6816
8184,3434
9624,7193
7789,2733
471,7087
3630,6622
6530,1579
3456,4575
9162,7762
4,8800
6847,7560
8132,7575
9464,4880
9758,2474
7896,6098
1697,7526
4685,2690
9352,1155
6255,9080
656,5701
2262,7257
8878,4080
5907,3055
260,5674
2290,380
5134,2196
2605,7812
748,7642
5605,2278
4668,4043
137,560
5050,319
6241,7422
1872,4187
8453,1487
9334,2893
494,96
7828,9295
4457,5125
7903,8935
4287,4482
6095,3484
3839,3958
447,1426
9979,6804
9114,8392
3405,2775
8489,3794
78,8619
5330,6764
948,916
8499,7083
4938,1369
6732,2205
1420,8218
6361,1043
6731,7731
8417,6579
7299,153
2162,2593
3819,976
4036,9336
3418,7750
6171,7852
7432,8002
9650,6603
6922,6670
9931,1238
1470,4884
3636,6266
509,7229
171,4401
5168,1549
2221,6029
6783,88
2455,4510
5861,9207
3095,1171
8236,4347
2077,2544
5968,9360
7519,8649
7848,385
8383,721
5808,8772
7896,4901
4180,5055
3080,1141
9420,3372
1100,5571
6630,7083
4370,8057
6516,6945
1527,4729
5709,4627
7422,206
3685,4664
2657,6722
5706,7203
7837,2831
228,9108
1299,5580
4117,5
4486,142
506,8540
7209,6389
7869,4590
7583,1282
6110,5619
1485,249
7730,2069
6506,8717
7077,2348
1397,4831
1664,4608
6987,242
8546,9476
1375,5967
8489,2404
6521,4554
7248,2266
343,8531
7975,6819
8621,1114
1494,7416
6135,7941
6318,6115
8273,2025
1311,7594
8051,135
1077,2259
2610,452
9685,3376
5162,3450
1765,5728
8348,7710
4366,3262
7810,7891
553,4874
9635,8825
9532,8271
4152,9546
2259,3789
2776,2431
2679,799
5293,2419
6024,7604
4611,1767
7819,836
8499,8430
1643,6570
6378,583
9668,267
6899,5723
1193,6395
542,5353
3773,1301
9486,5409
2901,4803
6233,548
5988,144
8850,7991
2610,5894
2806,3141
4805,1091
7129,1426
3193,56
880,9367
9821,4673
5003,643
5703,2825
1359,8545
7774,1442
6424,931
3568,7463
4783,1492
5927,3280
3148,7087
2594,2192
7094,1420
5968,3625
5554,3227
7251,7944
7677,1704
1574,7213
7807,7350
4697,6214
240,2281
6215,7016
8016,1710
8269,4275
6016,6542
5603,5191
6550,4858
6035,8843
6397,1124
7333,986
3693,6874
7709,5617
3807,6650
1050,7721
8715,9704
8965,1745
257,1364
4125,7893
4275,519
1503,7517
9282,7477
8882,385
962,8897
3106,4588
3034,2719
8083,6359
8558,9008
5540,8939
3180,399
3148,6083
5749,5754
5149,1009
3846,3623
9962,2504
1985,6883
8963,7465
5519,5307
81,4679
5940,3616
1464,6119
1432,8230
8675,2433
9152,1268
4069,6958
4141,1451
3934,5211
3281,8212
79,6090
2750,5482
7811,1077
8514,4748
2740,5058
2957,7488
5657,7814
8771,5992
4706,2571
9545,2000
6160,752
8628,70
3773,7290
38,411
5829,3271
9512,4793
6192,6778
8745,1695
9790,9002
3499,2954
7047,7834
4107,4566
5832,4254
1814,7160
9030,1204
9697,7448
4281,2083
4844,8983
3116,6530
8700,3606
6941,4041
6150,514
3683,893
6451,2247
370,9147
2807,8215
6417,5185
4769,7394
9345,5144
8506,461
1468,7122
8907,2312
298,5641
9009,4496
3891,5639
6843,8508
1741,469
5642,1795
9401,1186
5546,1685
2399,1285
1156,2051
960,9629
5257,1196
1647,2997
4728,4739
6965,1386
972,6320
8451,8472
7062,6997
2918,8584
5005,3715
6144,6439
2399,6579
2638,5343
3863,4598
6102,8144
2809,8149
5219,2360
3572,7973
6785,7494
1143,7925
9519,6582
3859,1186
6596,1246
7631,949
3441,1911
6852,8210
3026,7800
5029,313
1449,4212
5996,8187
9225,3743
8029,6476
2972,4040
7908,472
1406,5845
9430,4186
1704,8444
61,6835
6803,6772
9289,8877
4541,2123
5061,2203
8970,7195
2473,8604
7328,503
4647,617
1426,901
3334,9199
8499,2451
5888,9465
7362,5009
2828,7766
4640,8899
9109,4417
5520,1389
3852,8231
9703,3054
214,8171
6201,2336
1855,3889
2762,2107
8685,3955
442,2839
2800,8172
8428,5790
1758,7012
7201,9349
6235,734
9758,7032
6734,3534
4499,647
7757,9911
2041,4140
1735,364
6456,8543
8067,1491
7897,52
250,8312
9173,55
5434,4910
1987,5816
4437,4316
3247,5028
3383,6614
3174,3634
6173,1113
8529,7487
9813,1895
7987,3488
515,741
3691,4237
2751,2928
2379,9873
9626,8006
8626,4817
6889,3375
8137,5933
8558,5035
7945,3684
2767,7269
6384,5505
1300,9792
3118,6404
8875,28
2805,8203
4927,5683
6404,4998
8166,2574
9997,8524
3793,1211
5356,2614
6708,6281
3104,9905
1517,2853
3185,9182
7703,6827
3258,1016
6990,6475
6340,2619
9754,1208
5462,9881
2581,3165
3598,8642
3846,1179
2336,1962
2948,8074
3453,3771
8843,4874
6887,200
6703,5158
517,882
5888,6196
8336,1460
2924,974
3109,6071
9170,5842
6191,41
55,1421
1441,5842
6689,4811
7888,4881
5620,5244
8387,2566
9570,3976
7155,9748
9199,118
4453,1343
7177,165
6310,649
198,9975
5540,7241
9963,3926
7850,5784
2600,5830
4891,1144
405,8776
4305,3650
7388,7989
2767,7937
1228,5054
3117,537
3880,2160
226,179
6803,6877
2696,3110
456,9175
382,2290
4994,4977
4848,992
6290,8107
5856,5027
5943,400
239,9375
7231,274
2170,3777
3023,7137
9595,5659
8039,994
6465,6884
4123,4269
5333,1408
6698,287
4910,9522
4677,5472
7894,2131
5150,1955
490,5924
187,3419
9322,1896
938,708
1275,8430
6474,5231
6320,3247
9625,4518
6338,514
4690,724
9975,4575
1667,372
2607,7051
8538,8218
6077,2846
3477,99
5245,9699
184,5067
8431,2447
3893,5058
8810,5328
1632,722
9932,2113
445,4040
7200,786
403,6983
3166,819
3696,2228
3897,9658
6890,5575
5078,8136
5089,4618
4842,4746
3159,5373
2116,6073
7286,7192
3187,9814
7508,9824
700,2356
4180,1822
8489,4190
1787,696
3075,1755
4850,4252
6778,8061
9155,7845
5002,1386
827,7208
2152,8835
7207,2015
6659,7278
4023,8925
286,6304
9407,2906
8987,1414
123,7383
2042,7457
7116,2982
9928,7456
5303,875
1017,910
7506,6927
3408,3196
1472,6912
5507,2451
6101,8959
1207,271
6710,6839
6069,159
6194,7858
4708,1643
2347,4142
6630,6848
4672,560
2647,3103
2711,4979
5542,7877
3549,4024
3872,4214
3112,3594
1873,3400
6807,7492
9392,8581
2732,5603
3773,1534
4148,676
9042,1824
6386,7745
9018,5159
3845,9789
3854,8067
6676,5720
8419,4266
3253,9881
7479,9431
2594,7735
5903,6101
9544,588
4316,9235
4748,839
7430,7810
3733,3881
6423,3938
8261,485
3499,8680
369,423
9154,8225
2506,1935
6184,1359
607,978
1175,4255
4069,7844
4668,7837
8395,9468
2026,5293
7635,1182
6421,643
1032,7126
8153,8269
417,6753
578,9739
481,8645
7534,9238
4934,689
5622,3304
2977,6918
8039,6886
4195,9055
6587,5764
9373,5512
3487,7778
2401,9640
5695,6382
2117,5897
8265,7319
5823,2573
8325,3465
2244,6903
3497,4446
8595,1740
8755,7354
7972,7039
9603,4841
7238,6932
3998,9755
8385,5470
5849,1965
6141,9383
7064,875
5401,8563
8899,3474
5715,2898
5183,221
3171,4809
2548,7149
641,9781
1694,2004
7015,7130
6294,1466
2142,5087
9203,9021
9210,240
1589,2761
956,9463
115,6730
1083,6456
4534,3806
7607,4679
8091,8866
7198,3609
9015,6237
4060,9562
4620,8270
5469,5477
2561,6430
9050,1359
449,65
1385,9448
9467,1309
8844,8878
3443,2924
9867,7890
823,1775
6901,719
3278,2327
4076,4726
5335,5472
7811,5014
7050,5358
8687,5344
9644,7209
3817,9103
4933,3864
491,7252
8868,123
5829,8053
4038,3065
2720,9878
8383,5261
2615,5158
4158,8818
3928,6980
6885,909
1217,9981
1480,5517
4846,3651
9715,1048
5920,4924
8984,7972
5009,4981
2346,3014
9032,1434
5122,7232
3028,6757
7356,6766
8932,3815
3211,2413
3235,6071
7867,2778
9540,3122
750,3094
6612,2438
3836,7115
7632,1744
253,8120
5516,1277
5825,6176
9249,7731
5497,4816
9551,3128
3468,6000
3871,2928
2340,9815
7018,7826
902,4928
6734,1514
7999,4700
1503,4099
12,1822
4167,8285
8762,3696
2894,7951
3414,8910
7345,5465
3768,3764
283,1555
2677,8012
9004,9067
9826,8661
9426,1029
1183,9063
5314,9821
6694,5580
3309,2214
7058,4827
8662,6432
36,3054
8451,581
6840,8515
5397,4419
7779,9428
2630,4609
6692,3226
7026,9447
5553,2080
1849,2072
1055,4845
5168,5401
1491,8572
3865,9447
9865,2806
3902,1564
4395,8298
7658,4113
5605,5411
6871,2755
2840,4909
2688,171
567,1215
8390,1361
1061,6565
6221,9743
1088,6261
6013,2736
5956,6030
1378,7481
5643,534
8620,6699
6969,3161
1287,4649
3332,3891
2131,489
2418,9685
6611,694
1963,4041
672,1212
1859,4572
8528,2556
3230,4509
6789,4604
375,1721
208,8000
1049,1319
2836,2224
1980,510
3757,5695
325,7915
4414,800
8817,4504
3251,9266
9463,7750
5057,6658
822,3049
8900,9859
4840,742
2217,2080
9853,7414
1897,406
2522,6887
5836,9800
4486,8763
7204,7363
4941,1068
9194,5009
9587,5948
1276,1486
7363,9494
935,633
3601,5336
5515,3716
6856,4934
3613,6968
6725,1074
2530,3842
9611,334
7279,8487
7405,559
8885,3413
7014,9439
3550,9792
9301,4290
9115,2987
3670,8559
3069,9830
8252,6281
7617,7447
9811,3443
8294,5316
8401,4551
3533,7815
3588,9285
2985,3977
6861,6833
2596,8139
4938,6416
2652,5743
5914,4381
6269,2168
6077,9617
9097,6231
5794,6182
7012,9071
2746,1053
4665,5181
9558,7007
2763,3482
1767,4734
8118,1501
4464,7988
4121,8488
2568,7609
9412,89
6247,7118
7785,8459
8901,6978
8920,3362
26,4318
6086,7989
9200,7815
4016,23
9225,4044
366,1489
4658,4979
962,1157
1559,5189
8740,8054
722,2733
938,7599
8898,407
5143,4453
266,9787
2430,5739
6890,383
9767,9125
4861,8225
5128,790
5119,974
8045,4926
8810,8627
7894,9108
3481,8534
1773,7112
2481,6027
9275,2087
4040,4870
7453,1263
5941,5195
5173,5768
7273,9297
3765,878
8304,2890
2788,5413
6354,8165
5241,3695
1631,4402
504,2726
667,2184
1994,4468
7214,4393
8035,4756
974,6141
4488,3903
7495,9392
6713,9905
7534,7917
2799,2455
1714,9609
701,8719
6459,1200
8968,8710
5719,4940
6776,8812
6512,168
4102,8672
8962,1112
8672,9336
4327,1430
8093,5032
3253,3682
9691,7932
2111,5653
4760,1261
9492,7423
2731,3886
6645,8602
7079,1059
2007,8997
2365,5665
5465,9403
7008,7804
5522,536
9459,2538
223,4368
197,7056
5338,6203
8499,3864
7722,2769
153,8744
1646,5899
9063,9740
2698,4801
9005,7206
9748,3551
9871,8400
5909,1617
6279,811
4307,3028
6712,9276
2311,7606
5071,6589
6249,600
7870,696
3083,9741
3272,9547
509,4070
774,1049
5901,2500
2312,652
4757,4346
6094,1580
1880,6135
4242,9793
1155,7595
1096,3946
8986,586
5518,4145
4798,8088
5450,231
837,7243
7841,3394
1258,3790
2670,3101
318,597
5644,6234
7636,5175
5121,4862
1491,1304
7481,3385
2947,9560
4003,4972
6677,1574
288,7988
9334,7509
6861,4875
6090,4797
6831,8237
2850,4834
630,6073
8923,4016
8456,4428
8396,753
9957,7561
5463,6483
6319,2174
7654,6300
5160,6940
1455,1478
3100,5621
3192,536
3476,5460
35,1893
3404,4562
5568,8704
3371,6805
7860,3793
6359,275
3397,2066
9472,498
3777,5743
9710,7751
6044,9349
5661,4293
824,4709
7986,5704
7518,1904
3108,9546
2201,1673
8080,48
4975,6594
9148,7016
8935,7852
8073,3680
2657,7103
5179,6018
8983,7914
9215,5641
6829,8506
5384,4744
4662,1619
7219,7843
4211,5539
2062,5585
4849,5742
8207,2231
4456,7152
2602,6192
6998,1240
7487,2632
5612,7389
8380,8389
632,1619
2510,9472
2293,854
8013,6757
4319,2122
3857,8087
848,4162
4903,5909
8704,8676
65,5290
7579,3311
4627,6039
9136,4260
7186,819
5594,7682
9421,3573
6571,2691
6448,9672
2460,4887
4169,2990
443,2935
2595,904
4468,2447
8045,6369
9064,1381
9201,5819
2271,4360
9348,2091
1639,7506
4031,9213
3236,8119
2514,6530
9718,3789
4396,7761
1288,8344
9175,9805
7657,1127
393,3970
4409,4855
1987,2283
8770,5668
7779,4530
6163,4414
2592,6837
3977,8426
8602,3422
3453,4730
2379,3863
3734,8317
799,9136
7785,6178
2969,7696
2068,9827
7707,4460
8988,1210
7639,6580
4620,6880
609,5033
9689,1937
8526,5698
1599,3047
5031,1861
5181,5052
5504,7127
9923,1220
5219,3124
2236,954
953,5981
887,5239
759,3390
8290,2950
5560,6040
9575,9518
5967,7402
375,9720
3771,8691
9419,2874
1447,1061
2729,2121
8746,9914
7414,7033
4497,5512
7492,6673
4381,6213
5652,6991
9447,4616
7907,1683
3355,6750
5330,4289
6323,2207
5969,4892
658,531
5458,6046
5392,6690
9241,899
9859,2958
4348,5967
9238,5386
5335,216
4238,5330
6249,367
4399,6792
4433,8278
30,2664
367,3931
592,3128
1322,9964
9423,8475
8608,9078
6886,2169
683,4277
1955,7240
860,5891
4204,4034
4376,9281
4240,2095
9244,1307
6210,5253
747,6215
2195,2740
5646,8987
7272,2252
9827,4109
1371,4288
8508,6758
5935,3899
173,882
8494,2432
9553,4041
4403,8909
3758,5083
1937,8343
8448,7148
6803,2534
5326,4285
1282,2821
5786,9863
6649,2591
6106,2751
4152,223
5957,4867
3553,9629
1099,7254
8034,5777
5272,5822
1908,7709
8494,6793
6389,4856
5403,2261
5626,4522
8487,5614
4477,3328
1885,8168
4091,7817
5568,3340
4963,5672
6264,5998
5700,55
6767,1349
9389,1987
9093,3755
17,7730
2375,7503
1308,9899
1025,9148
9186,1372
4195,4487
2150,1283
1792,8206
9736,4376
6885,3613
5975,7466
8026,9
4977,3993
5367,1713
7848,6367
5301,4484
1527,5768
3558,5909
5869,145
8558,3670
9075,6161
1747,7070
3773,9677
7915,9427
6813,6415
2117,497
2730,6302
9691,7984
5725,1799
1200,8579
5198,2998
2777,7311
8272,1427
4297,2552
8028,9427
3415,3890
1278,5716
4454,623
1572,8761
3739,1546
5932,5903
5432,8083
4785,9115
4069,6801
976,6102
3138,5253
3538,1293
9620,9621
8507,9570
1651,1894
5340,8706
9102,910
3161,5002
9798,4154
2767,7646
2761,3042
2129,3414
8114,8920
5294,4909
2325,4671
8768,4900
6443,6141
4963,7328
3891,2461
1199,7236
9033,7197
4182,3398
706,8208
1840,2127
9481,4401
8406,7202
1481,8963
302,4848
8680,226
8876,140
6121,1667
3764,8940
5584,1911
9113,4172
1972,6831
2233,8880
8597,757
3919,2219
193,1145
6756,4485
5925,7301
7651,2549
8140,1258
4620,688
4333,6543
1757,4309
4605,3800
4194,657
7738,9736
6214,5241
2065,8431
6434,739
1730,3394
3017,417
1694,2201
9849,2240
645,8419
7173,4487
9622,7301
9383,7926
9790,1059
9187,5627
4130,8371
8915,8161
299,7380
1756,6403
8183,2515
2001,8296
4020,8475
609,8354
6606,4727
3045,1546
6158,4398
4578,148
8973,329
4490,7247
5582,5463
7042,1491
8690,3773
8720,5268
1366,6091
7190,2232
4741,2346
9256,9929
658,4701
6222,7690
6431,1714
2284,321
2266,4614
1068,2234
8111,4252
1746,6365
8198,622
8126,8842
3429,2199
8255,3017
2463,8562
5943,3928
5075,5306
8100,8629
6260,2116
2542,6530
8397,9875
6870,8576
2190,4908
4782,339
6482,2539
8240,6163
6023,8366
4992,3848
9800,3658
7737,3569
5532,2530
9483,3350
1491,4207
8897,7564
7306,3659
8669,4294
3002,6067
9029,8407
9706,6332
4659,7676
9517,1193
200,9699
2216,9461
9206,4437
2646,7951
616,432
1823,6691
8955,4403
7767,6042
1529,7999
8508,690
7308,3529
9203,8254
4931,6568
1528,3626
6830,307
48,5855
7633,624
963,4710
5843,8361
393,3603
5615,7192
432,6718
2789,9108
2654,1071
3596,5567
5037,4616
6486,5112
8760,2181
762,3040
2062,4745
626,9584
7580,8119
7168,987
9528,1447
5445,6751
2732,142
869,221
6942,9724
7602,5849
4645,3212
4196,2039
8798,7340
7858,3324
4334,6136
1702,9106
9353,8086
5730,4639
8070,3152
8870,7702
5237,5827
2140,8563
7723,6675
6557,1054
6278,7064
1205,669
1304,29
9605,5727
1969,6021
2098,7788
1145,8172
4691,712
4692,9064
5870,4716
8899,4665
2264,3143
6976,5463
7095,641
9139,1374
2493,5524
1683,6751
5348,8398
5845,59
2198,1314
1946,7417
1823,2504
6731,9005
9695,2438
3642,7347
6880,3217
3861,3803
3279,2784
3176,4192
2102,1207
820,8962
6606,8163
7686,5515
4990,4184
100,8862
9567,7487
3585,2366
9049,8553
246,9611
911,2894
7770,4083
6894,1958
1618,8405
988,1815
8013,4751
1717,5777
2803,7178
8718,5025
2862,1453
1371,4163
3999,8311
1391,5907
4546,4136
8043,3274
7833,4504
1295,2567
8078,3000
5614,2982
5400,1234
101,3749
1539,4741
2387,404
3980,9941
1832,5787
7834,5511
6655,3795
9136,3658
3739,6350
9077,7785
929,6823
2237,3418
7402,2974
4735,429
9384,6374
1419,5059
667,8135
8648,4657
1508,3553
4269,6072
3499,144
4672,5501
5031,619
4361,7451
6172,6808
9209,3798
1705,5348
6403,6634
2982,5178
4168,586
7058,1827
2000,4417
7127,7289
5466,631
5228,3006
5307,638
6769,30
8328,6166
4012,2088
9233,9622
2842,151
1622,7114
7049,4212
6307,7004
2109,3766
9466,7663
561,3362
4944,6416
8632,2691
3832,3930
4973,178
3896,4840
903,9391
1943,8637
2798,8652
1425,9286
7001,43
6194,3801
6364,5644
4778,9014
4934,5763
8003,308
5098,7597
8623,1313
1117,6396
7177,5842
6172,1151
710,208
3204,9033
3021,9625
4860,712
7379,1371
92,112
1622,5975
3377,2411
241,7769
3115,2109
4293,8310
3217,1438
9134,6483
6932,1129
7188,3394
8745,2166
9528,789
4189,2062
5300,988
1310,4391
9508,9985
8495,935
5674,5467
9857,2338
5080,6310
735,6798
6622,6164
8315,5659
6473,6954
4304,3617
7615,5891
3857,8677
2012,9085
4059,3887
223,4905
9430,1210
3978,2306
2989,7847
1424,5063
4847,5806
6849,3411
6074,9200
2694,5495
2502,9892
9750,6608
9645,9830
9888,273
455,1086
9946,2943
7115,6643
4802,6288
7082,3182
4891,8752
4699,3181
2698,1456
5167,8964
2197,912
7836,6748
4834,1770
8883,8008
2416,8456
485,3945
3545,6760
7329,3565
1291,5393
4276,9223
211,4128
693,5801
3575,6372
4807,6150
7118,7296
4023,847
9641,6681
7052,2335
1598,3326
4746,6607
5870,2737
2220,5791
5656,9513
4358,6450
4283,5065
9363,923
1264,1851
4654,2608
9353,720
872,243
3158,2674
4121,4144
929,290
8919,7798
8626,2745
6222,8362
548,369
2949,3479
2605,4518
9637,2936
5994,1315
7203,203
1026,482
2462,1166
865,4401
3593,8172
9972,8768
4467,7654
5397,8897
3688,419
3994,5121
9363,4232
915,5854
275,3518
4055,1533
8133,3556
8128,2091
668,1233
8838,9380
7380,5809
7774,4304
4199,2577
2087,1003
5905,2533
4709,4942
6486,6438
8440,5018
4274,3930
1987,8122
7487,5357
653,3784
3985,5416
5281,8103
9970,1616
1293,4415
4428,9669
9462,6277
9036,4795
4404,4368
2701,1207
4194,1517
8232,5808
1043,6430
7390,335
5959,4861
8155,9661
2701,4888
418,3036
84,4104
4006,3559
2673,5215
2175,5653
3023,7531
3004,6847
8352,5744
3020,7514
9312,2369
5455,4217
1993,847
9906,5653
1949,1146
3131,9634
961,8855
7163,6844
4939,4452
4105,8094
12,7049
8754,3386
1371,2487
4486,1889
7996,4547
3406,1934
4858,8774
7393,4285
727,4660
1003,9364
3631,8078
8343,1965
3684,6842
2455,400
9916,7337
1766,7783
9563,6275
8114,5293
643,6767
4808,3471
8913,8004
3728,2471
4013,5149
177,8778
7061,8886
6594,7656
2685,7875
8934,3640
4560,5811
9776,7850
9194,4682
4011,3197
2792,6605
8260,3308
1043,7978
8373,5572
4478,4805
3331,2938
2142,31
1176,6689
9905,2933
9428,9052
4264,5985
1641,198
8069,17
1340,8097
8889,8000
5940,8175
2298,6541
2938,6037
8110,4512
8986,2051
316,1860
411,7368
4717,3331
532,4405
7307,1261
3033,8396
4114,718
3226,6725
7683,851
8678,2119
9507,3540
4043,2778
3055,9491
2763,1480
6889,1356
1902,8202
1442,1830
6428,8449
5734,6165
569,7356
850,1999
5366,5195
1072,2592
9477,8952
7265,4170
7202,5691
6101,4918
5269,1172
6039,5849
553,6172
9033,6974
3260,2263
7780,5229
4176,5393
9800,3502
978,1394
3998,3599
3054,9361
2408,2513
3762,8798
2731,5544
5358,3294
4051,5629
6835,9660
6016,1626
5415,6900
6679,7184
3681,8746
3176,4644
4563,3901
6034,8549
5866,6410
3430,3612
7126,2016
9451,7310
5669,7818
1947,7587
7884,1904
9258,9312
9875,2902
8886,1291
6879,2769
1024,1884
8376,6780
3767,2947
6110,6218
4175,6369
8877,9782
4489,4146
9176,1312
7629,5796
4385,4623
100,6720
7707,1898
8274,6146
1383,9148
8583,7546
9818,489
9116,3963
2794,3992
7653,6392
8394,2621
2234,7893
7331,3408
2890,7765
2950,4153
6344,2178
8722,8527
5331,930
473,9269
907,5820
1797,7590
9733,3429
8044,478
7877,8344
644,1352
3810,4544
5155,987
4720,5177
5674,8689
8292,9917
9632,6081
4013,2817
1518,6997
6590,5138
2442,8909
4049,7431
902,5787
9680,8674
4086,4637
3316,348
6687,2795
1011,2532
2021,7622
1590,6471
5211,7054
6134,6652
8499,105
7916,4101
3427,9692
3844,6132
6820,2409
9416,4201
7716,3428
7229,9330
3302,8844
77,388
7994,130
2950,4934
8564,2007
6596,3418
6299,4097
7707,1449
2296,3335
9720,6889
753,4800
868,3638
463,1251
1819,8985
4858,6804
4323,922
6448,8356
2909,9906
4299,4707
1905,532
6499,6484
8202,5600
7849,9889
8883,5742
2878,3525
4875,8120
6947,576
7801,8435
4556,106
5612,2925
4757,526
8949,689
3648,6949
929,5248
8408,5185
154,4205
5100,6619
3513,4325
2889,3222
8541,5468
6798,1689
5384,9719
1623,5779
7631,1785
1941,1818
5385,2735
3124,714
2961,1626
1625,8391
9656,3361
6748,9215
7883,1836
6943,8889
532,6785
1519,7470
5792,3263
6054,7962
9312,4020
4933,3743
953,6758
7975,4913
5799,4208
9137,2065
4756,6980
6619,9063
3278,9226
252,2861
4225,9650
2729,7021
3692,2076
9393,2894
1009,6894
3362,5134
2948,4056
4375,6727
2331,8906
6372,7756
2950,897
5636,2329
3598,8849
2234,1719
8725,3441
1347,580
8673,4117
5227,8238
5801,4926
1122,2355
5154,8142
1973,215
3569,4829
5989,452
6009,9751
7942,6717
1962,3140
1117,1648
6931,2082
1893,5806
6744,9548
1366,8249
9044,9002
317,4182
1767,1224
9586,5037
6659,7599
3698,1826
5217,9989
3374,4126
689,8230
4818,4193
2216,4448
8753,6740
3717,5116
4623,9495
6421,7957
4311,243
4204,6280
3503,1656
256,8348
7390,9841
1949,2081
8220,1566
2469,183
9072,5969
1576,8389
417,1097
1660,7361
6140,8043
1175,8494
1651,7697
1459,394
274,826
8429,2018
4561,4498
7992,2416
9504,3948
2873,690
3397,758
5851,8034
47,9406
4432,7476
1063,8594
9866,449
879,5488
1562,7343
6611,8131
6157,5407
3313,5501
7361,9613
9937,9966
7340,7529
5961,8632
3978,8153
4757,7604
3156,2963
7736,9043
3746,2120
4721,222
943,7144
9432,6507
5418,8446
5453,9188
3418,4312
1099,6915
3870,4538
3398,1495
2613,8883
1842,6503
1661,3947
7579,948
7366,5271
850,5061
1721,8625
9478,7465
4203,21
575,1494
3065,610
6079,7920
6638,3760
2025,9946
1873,950
571,7034
6983,3399
3645,4219
8069,9996
7938,3274
4805,1732
8217,2491
2782,5734
4435,9464
5577,5841
7473,9200
7063,2540
1716,8526
4942,3802
3399,8578
9076,5232
7902,910
2639,3070
4112,5644
8791,4798
4695,4449
4658,5022
7493,4924
9196,6674
9342,8672
9660,1870
2604,1011
986,2758
7888,6315
8280,1298
2246,1692
8387,7261
2068,339
1928,9525
7830,3228
6326,6994
5348,296
2075,1997
7465,7023
2386,5248
8205,1472
3354,1305
8094,394
3694,7581
9686,7897
3528,2081
7581,5760
368,9236
9142,4651
1280,8606
3950,4825
8993,897
8883,2950
5921,9784
1834,8577
6193,6765
5909,4761
2357,78
4384,1237
5727,6843
8385,644
3663,2112
1807,9019
4904,9864
2811,4167
9150,4712
5612,2032
3192,1596
4290,1341
3963,1355
1662,208
7900,6232
2719,4594
8030,450
2844,6518
6241,26
3147,6939
3480,8683
2861,8951
6768,4111
2010,5247
8860,7287
9299,7236
6077,6107
8446,3522
6578,1573
7448,4913
7010,7494
705,8062
1838,7171
9441,7025
8321,9396
9030,5104
7973,9332
6152,2176
4673,3937
4390,2317
2121,5413
8355,5224
934,8725
1743,7697
9802,3247
3820,68
4884,8407
9938,4485
1358,470
4821,1740
3959,686
3775,7625
1965,6601
7529,6901
6294,1702
662,5775
9436,5471
4856,7022
8701,7360
3023,5454
6084,2124
9287,6630
5299,7364
783,5567
8539,2799
4029,8606
2444,9778
2968,5807
7433,3226
5853,2657
6161,4064
2083,90
1242,938
5023,9851
3238,9298
3265,5748
3298,7282
3134,4727
4848,8333
7588,7731
9782,774
3706,4086
8456,2654
719,4270
8265,477
7717,9186
3160,2061
1373,9753
6859,7094
5867,9072
9377,9666
3139,1239
1844,9285
6171,2290
7901,6475
518,465
1823,5019
4662,4690
384,3791
2471,9796
5727,2535
430,5324
5010,9401
2513,3927
9558,2142
202,9468
4298,4943
419,89
1346,2969
7459,4984
1031,8230
4842,2320
5862,8838
1552,5755
8093,4191
7616,8895
9833,279
5126,4705
9560,4574
1669,8751
3378,5126
4843,3490
6397,1716
9769,2619
5054,4788
5916,7859
4349,1592
2227,1386
6033,3738
1550,932
667,1312
1079,5268
4967,1171
9599,3242
1245,6442
2785,3778
3751,7651
3464,6140
5872,863
5308,775
9731,6331
5402,4876
1359,4340
6036,7153
7548,2998
682,1192
936,8985
4842,4833
5505,1335
1446,9144
8125,2372
1998,3966
6083,3957
3702,631
2941,1139
4736,8787
3270,4974
7465,7757
7899,2851
4909,136
867,119
2221,8817
9607,4364
4105,3192
140,7822
5071,6548
2491,5074
579,7999
5312,4522
4530,7612
8266,7920
4280,1374
9123,8711
7832,3267
4379,9957
1246,1407
1819,7882
2828,3868
5084,883
5368,5087
3179,1194
1502,6544
2712,4307
8816,165
6677,6029
5932,6946
6972,4647
7847,3392
4999,4942
9949,5325
4362,7942
1954,6083
2627,4600
373,454
1756,5311
8346,5207
4795,9227
5740,9665
2839,5972
5174,5534
9498,4963
6628,8345
1351,7734
5378,4846
3463,9940
5214,9368
8339,6873
6464,8093
6440,1981
4793,7129
495,9291
3554,9694
4383,8295
1373,8754
7607,9615
3480,4374
6931,1450
5784,203
5530,7909
6549,5067
8237,2180
8471,6272
3368,1755
5464,4229
9522,909
4269,6938
2087,5440
9944,2492
2280,4069
7434,8937
8064,4805
7995,7081
8500,3164
3670,8106
6436,2331
738,2708
6695,3176
9873,1534
4173,3788
1555,1244
8631,4049
547,7815
8723,693
6227,4139
1701,5215
4982,5061
6646,3332
5994,7556
6542,3736
6427,8901
7562,921
7517,2147
6065,6832
6118,1240
8251,5076
2978,724
8108,4617
7331,5238
52,2412
484,4730
2117,3400
6883,6389
8393,4338
8158,9468
792,6068
315,2532
6517,4196
4059,6145
6385,8472
6662,3488
4997,5643
3301,2095
3362,6274
2311,3137
2645,7231
499,7806
7750,2860
3739,835
3286,6193
1532,5613
5828,9349
4080,2806
5457,2960
4897,5424
5106,8107
8696,9690
6672,1460
6406,9786
6211,7332
8944,5038
3101,7971
7405,8788
6341,6377
384,8719
1162,4225
8328,4388
6966,8258
5821,2194
9367,1924
5446,3257
5217,8297
8792,6386
9022,7932
6939,9039
1240,2154
9089,638
4224,5476
2052,9683
1663,8837
2890,3897
8094,7717
4763,9623
1994,630
4743,6283
2111,3674
2733,8480
8852,5231
213,9418
242,2924
6453,5699
9388,2713
3780,266
7771,742
9875,9814
6817,7771
6405,9600
5345,5726
1071,780
5588,5306
8499,5691
8898,6451
1429,5429
4801,470
2884,327
2994,9048
6000,6247
3273,6055
4427,6721
5275,1976
9385,7006
3581,2187
8916,8109
7764,2067
9072,5469
7168,6400
479,9412
5334,3282
9710,698
9892,3633
2531,4820
6666,995
7429,7054
5025,1573
601,5716
7512,7176
3214,3567
8402,3340
6708,5683
9848,9725
3483,780
5963,3222
8437,869
5179,7400
8288,1009
1272,967
1416,8345
2070,928
9304,3545
9398,1876
3718,3198
7660,7809
329,7552
7206,5924
4602,2705
1824,2461
2258,9943
7530,4620
4111,1485
1695,8348
6200,2051
2743,9234
3379,6785
6778,9512
1460,7749
6783,2945
7337,1101
9720,6091
6449,5434
7517,6844
6234,8773
4046,5066
9349,264
3362,2116
1060,4286
538,1954
6925,1991
5804,9175
7592,560
8181,7352
595,7233
1382,2253
5546,5141
6942,8458
5644,9876
7561,8705
7533,3394
6329,6624
8929,9676
4562,5276
9952,4013
4173,8459
1798,4696
1439,9234
2806,2890
4575,4866
9914,4032
6989,8844
8194,7083
627,7338
6083,9597
1993,3351
3340,4768
6799,4205
807,3583
1046,6866
5656,6393
3948,6785
6526,1299
1964,4427
9336,5902
4212,4144
7135,104
7263,2793
1741,5932
8918,8787
8045,6890
7281,6890
3216,4717
4736,2450
6255,5868
6152,2601
425,5189
6577,8104
3108,6178
4268,3162
7418,3013
2606,6376
5958,1991
2684,6206
4603,58
7122,8830
537,6262
6873,2666
8492,243
4765,8313
6616,8663
8445,2387
6893,3378
5532,2565
6502,8891
4503,5851
1197,2805
1584,9551
8978,8494
1088,6894
8502,7014
1306,8865
1455,2536
1306,9523
8350,5287
4176,9972
6696,1156
7721,6589
5184,9273
8156,2407
9613,3125
4302,3483
2125,3143
7383,6635
6748,1118
4684,2593
4774,446
3167,3374
2522,1358
480,1399
3940,752
4656,4208
3734,2951
7147,395
2162,5391
1116,604
427,629
3357,9023
4972,6559
6614,5601
5066,9553
6910,4101
8268,3460
4683,7242
2379,4668
9009,5341
9798,8091
9784,9914
7076,3900
6723,8617
3036,8497
2047,6378
3580,8549
2489,6402
3771,7241
7595,5102
1635,8408
8837,3345
2360,8884
8774,5935
7869,3947
185,6734
3003,47
9887,7578
8417,3221
4335,8216
4432,9073
7479,1805
5666,2275
6657,9051
496,7914
542,6118
833,9550
9071,7618
3417,1411
5326,7248
7445,3663
2957,9976
7055,3482
101,7868
1721,4337
8562,1240
11,1204
1186,3084
9313,8961
6675,823
4354,8017
6732,755
1689,2294
2917,2288
5381,3001
7693,9161
2322,95
8113,4951
3769,7667
118,6119
3143,2785
5237,1959
5676,4957
283,8231
2832,582
8760,1630
5774,3605
1425,2370
1777,8765
562,7774
8895,7843
7740,7360
3571,4498
270,5367
6378,9063
932,1500
1884,795
8141,8086
1359,5621
8159,7795
9926,7580
9735,9698
8007,9043
7927,9818
9096,2030
9090,8497
9901,121
9706,2414
9533,9148
511,2700
7137,6138
6114,613
6951,8396
425,3961
4452,4732
5551,797
8875,2650
2800,2135
6990,4870
8767,6831
8308,1448
7502,6384
5729,5502
1915,8947
8527,8132
8927,9831
9289,5103
7351,840
4362,2550
3304,9169
2200,6913
2823,4997
2212,6787
6275,8699
5444,9060
3433,5940
8433,3063
339,3343
5747,1581
7371,8298
8927,2706
1502,8320
9017,8988
2727,4840
8202,7535
7895,9442
7315,9452
5149,7764
8347,3288
3968,5491
4013,1049
1004,1505
5478,1075
144,9041
3706,550
9647,5459
6049,6071
2564,7040
7241,2012
842,9154
5738,9318
9481,2670
7748,1610
8571,3315
383,1074
4897,9489
4567,8538
9943,3539
1986,8797
3291,1935
4598,3764
2364,5479
9957,4947
3521,3037
4936,1055
3755,7955
3884,2711
6463,1213
5500,2401
9815,9490
641,1251
512,4776
8506,2308
4480,2729
7287,9741
249,1294
4576,907
7570,1855
9265,2576
3883,8993
2851,4400
3015,3583
4692,3861
9090,8831
6355,6958
747,4682
4476,102
7524,1876
6129,2167
7061,383
9229,4977
939,895
3812,6360
8598,1691
8751,44
8632,8187
4919,1769
7500,4062
7708,8906
8533,3726
8960,218
5495,3720
2602,6375
9155,986
2609,4764
2105,9494
6500,5798
3694,4148
5597,1278
1697,6499
7196,9691
1044,8690
6450,6672
2506,1245
5498,2519
3388,7945
8350,5519
5800,5274
8148,6497
8795,7105
6027,3654
9451,2991
4048,8159
9434,5121
2533,3629
5899,9827
8401,7146
2389,6466
8868,6210
3624,2575
9900,5168
4721,6921
7010,557
8917,2409
3510,346
9631,1725
999,6133
9805,2942
1707,8807
9368,863
128,8926
587,4298
6127,6335
2445,5374
9423,5633
139,2046
7061,8848
7576,4438
5693,6651
4743,5220
6822,1815
8017,92
9952,967
991,3531
1931,3275
2627,4918
9071,7976
7314,1166
381,9599
7443,6659
6455,7738
6349,6012
4648,3106
1596,5068
1628,3566
362,8099
2824,1602
650,4622
4344,7855
5023,3203
6757,9908
154,862
6704,7592
6565,5700
1700,8092
9751,141
8491,6888
8941,3226
2543,8758
6763,2651
5904,3303
705,7813
6851,5841
7712,4380
9955,7143
9375,5389
872,4779
395,368
5923,1716
8640,6307
9753,7915
1216,3100
8277,4480
8327,2876
4908,5449
4376,9334
1962,7217
9853,3585
3927,8062
9147,1326
3468,421
1181,268
8157,4232
8314,4913
8130,7368
3664,9745
8252,9686
9767,9522
802,5147
1322,8525
3841,9967
5431,131
8401,1584
7717,8324
1644,8587
2176,532
6721,3269
6535,9596
179,2382
8445,9696
9110,3205
691,7411
3751,8969
2231,7023
3627,2571
415,3656
234,2302
4718,7306
1925,5803
5919,2538
3497,3954
778,3810
9417,5095
3812,6009
196,1570
4295,2321
5454,4749
9283,2834
691,790
9238,8992
4070,5859
7182,9276
1259,2165
1066,3576
6410,2260
3528,2002
149,1536
4039,4164
1486,8914
5545,9598
6162,1656
2193,8983
1974,9429
1716,6844
5632,5781
1832,3908
8747,2485
7622,3598
6410,2003
5627,7956
1303,6788
2891,5126
7837,325
1941,502
6586,3014
9096,9935
9305,696
2022,9413
2979,3085
4441,8929
3691,2279
4064,8759
5593,2870
4202,7904
8503,2858
9866,594
4996,6121
997,9063
680,5899
2180,292
9379,1509
1837,3186
5395,3535
7661,6093
4532,2164
8218,2082
717,6126
9121,3151
2032,2950
5274,5896
7927,1051
4894,662
9792,9425
990,9678
2157,3412
3806,2866
1963,3211
6116,1218
748,8760
1108,3075
1869,5005
336,5084
2292,4174
2652,6575
1106,2791
4070,9448
3759,3203
5554,8337
1400,1387
3164,4521
3680,5821
6098,5618
4417,6263
6792,4287
4187,370
1848,4149
4774,5362
3486,3898
7954,2276
3508,64
509,8664
5198,5227
2159,3664
8796,3811
8331,4105
6168,4704
2190,1946
7962,8833
8854,6680
8471,6441
3868,5587
1985,4918
9397,1584
7742,2393
2760,220
704,7607
2700,2560
215,2508
2620,5837
7422,1394
870,5877
4327,9234
4528,1868
9529,9027
9150,6349
988,7911
7655,2061
9860,334
6383,6927
8051,3323
4790,5970
9392,3230
9710,7577
7238,6203
6008,8337
6177,5402
8159,5131
6351,6301
253,2666
1196,2849
7496,2999
5659,7998
9907,1923
4226,4209
6681,783
2363,6745
5018,8424
7103,5958
9420,2953
4519,6389
7237,3536
3850,470
2843,2742
1854,7965
4466,5159
452,1315
5429,3656
8780,8178
3827,3952
1260,1413
7696,9579
4639,1898
4814,4599
5512,9967
2943,6742
2261,6316
4907,9433
5114,4717
2518,607
9921,2284
3399,2200
3478,5529
3273,3216
7666,3097
9934,1959
9857,8431
3879,6375
7000,9449
931,7439
4775,9111
355,4424
6278,8498
3120,8480
6443,8046
3015,5567
7443,4678
1624,9621
4612,4599
9951,3815
1113,6245
8188,3958
3194,1851
8041,4515
8762,4266
5884,1244
8017,4616
2855,6353
2080,9158
669,1075
5229,7021
8861,9909
1849,3092
6831,2520
7084,2554
3432,4716
7016,1330
1075,4936
8291,6835
4387,9591
3607,5900
1470,2514
919,4981
9890,1046
4449,7535
8580,2359
9525,4544
4514,9712
9084,2994
4747,246
7277,9896
5360,885
4228,4790
2915,4424
7631,2143
3854,527
6311,7895
419,4950
5334,568
1929,41
6155,5692
2670,4086
3520,4734
90,3022
7453,9223
9227,433
4716,7500
9983,5297
4157,1852
9132,1374
5831,452
8294,6434
4615,8173
6750,9773
7407,1403
5299,355
8560,3598
6972,3370
3512,9658
5963,8776
5111,2699
2907,8212
5899,6348
5949,1956
151,612
4401,8119
2468,9251
2491,3371
2934,1778
3113,9961
2551,1961
2440,9378
9510,8844
2371,2455
4122,4
6989,674
6648,3675
6354,2640
943,7083
5999,294
7978,8081
3121,2687
5512,8668
7621,9316
7078,8251
1352,3322
8242,145
7978,4487
2156,9664
8129,1258
489,1356
4720,2827
1708,2282
9811,7692
9039,2510
6781,5352
733,8584
8080,7397
8594,9045
4684,5828
296,4754
4151,6860
28,1316
7247,9000
8778,2845
8717,7919
1126,7849
7932,8536
6484,2927
9610,3310
2779,3254
4991,8406
588,971
4976,4054
7270,759
6786,2366
6629,9234
4263,555
1571,7464
915,3316
3353,7222
7941,1170
3468,454
8152,5754
7837,3308
1145,2426
3050,130
1314,9552
8292,175
6144,2721
4674,3856
990,1671
3050,1438
4684,3787
3091,4775
3615,8591
430,2001
1936,241
5322,8564
1378,5739
9519,8723
6854,2258
2262,9539
831,5808
5098,3408
612,5588
2304,7604
104,1302
9704,7865
7507,1787
1465,8217
1032,4856
2402,1196
4323,8651
1306,3859
1540,7265
6145,7957
1986,403
1190,3631
8480,8445
1843,1263
659,2072
9710,9284
3972,9301
47,3424
6201,4746
6535,7331
5558,3036
5217,9926
6343,4274
9564,2339
7709,6475
526,2099
4846,6692
9494,1478
9305,5377
3246,9722
6677,7587
1163,781
8060,1552
6141,6745
9832,5450
8846,1033
9782,5191
9752,2750
2252,5511
6275,7746
7611,89
7861,9659
1172,9574
2932,1108
3223,5230
6425,8144
2124,8064
5511,9811
4965,320
1303,9203
6819,657
7185,5097
1013,802
7338,8751
2283,6055
5217,5909
7651,2030
1308,2243
6293,5497
5304,1455
7480,6142
908,3304
6877,8191
5099,2346
2561,8105
4071,690
98,5853
7977,2370
4133,9462
1640,6208
3441,8540
1377,8124
8880,2059
3951,9325
5880,7879
7593,5011
782,1594
4268,3111
556,4381
7289,1418
8084,7226
2649,4660
2860,8718
3802,998
1817,7327
6090,2707
2610,5727
8172,2186
1740,8943
3534,9690
6342,5280
5427,3077
1200,8055
9912,2504
9271,1338
9281,1346
1676,6399
3495,8444
8803,9415
5314,3750
6466,2102
6999,5812
2123,2670
2426,4113
2170,1589
1640,7939
7765,1016
9598,279
6734,5156
8803,6473
6781,2654
1290,4540
1636,8851
2907,9718
9809,3254
9538,8130
4981,7912
7173,6844
7880,3514
5766,4002
1323,5111
6875,9412
9571,613
4454,9471
4396,6467
7428,416
3699,4672
8977,3068
3251,9701
833,7344
1542,342
5159,1194
7823,8773
7906,7693
1468,4458
194,436
5908,5932
1597,2628
6636,2633
2831,5073
5977,6288
9176,5833
6652,544
1006,1728
9899,4988
1978,1369
3591,551
2873,1798
4041,4392
1061,6090
5019,1341
6085,6679
2394,2170
6224,8449
3225,9966
4149,8871
8168,1296
7222,8910
7270,8571
1799,394
787,6635
7534,9645
4,7532
6891,1778
2448,6231
9814,5176
5256,9628
3663,9892
4479,7243
611,8764
2713,2361
9319,9930
6913,3633
201,4345
5435,3791
1393,1394
5559,2797
4211,343
893,295
8602,2055
3251,6347
409,5303
9887,1246
9179,3761
8912,7454
7257,1124
582,85
8743,8263
5212,9694
2326,4988
7991,1207
5914,928
4326,7962
5705,5174
2466,8593
7571,2217
22,3371
9997,5854
5661,5175
5324,8871
1680,6405
2252,5885
3029,9016
7114,6713
7993,2401
8596,7262
7046,3387
3448,3991
7555,8947
135,2227
3582,7163
8309,5580
3253,1154
2943,9198
496,9014
9449,2985
3170,4509
9549,4395
2095,6171
5295,1162
4300,4229
7330,940
6335,7546
2142,7803
4926,1191
3590,4619
355,7007
3496,8648
8389,3741
8411,7722
2513,7897
3236,979
4734,4250
9718,8677
5033,9674
8158,563
2177,8333
606,7900
956,4418
1815,9572
1386,6773
6146,7048
8009,1909
9202,1222
8616,5526
6207,4291
9897,3674
3355,2064
2284,7240
8124,7246
3803,2215
8203,8721
1407,3475
9172,6920
4558,9384
4778,2730
2230,802
5505,8131
8627,294
5763,9054
8842,271
6663,2915
637,7185
1511,3101
3668,1535
5449,8672
8200,4596
65,5937
8707,9785
9550,237
362,8841
8832,7878
2278,417
9168,4634
8870,1679
1088,9772
3488,1183
6340,7906
1486,4752
3883,7368
8282,3836
4649,1097
8880,9755
5565,4540
760,2265
1873,5645
8988,1581
176,9335
3917,8510
2632,6806
5634,7195
5150,6659
6746,9627
6122,8085
6783,138
8364,8313
315,2893
2499,3668
6531,2714
4454,7907
8433,1248
9237,3627
1530,4420
5931,592
4825,7599
5689,3219
2431,2919
5469,1724
4525,6454
9655,8436
7693,8195
2233,9317
6624,9507
7402,3132
1967,698
4475,1992
3606,6049
1183,9679
2302,3356
8430,1988
8199,7017
5956,9330
129,4076
1921,1613
4539,7206
576,9511
1647,4513
6400,8443
6707,8152
1576,7461
5187,7287
1662,626
8175,8634
2933,4480
9345,16
6299,2355
140,8715
5259,9823
8121,7164
4370,207
173,1684
7643,6128
51,2248
814,8796
6115,7029
229,8914
3424,5916
9862,1768
1325,35
2777,5624
1010,8036
9294,5703
8169,9713
7586,4326
9539,8911
8732,1090
5120,4297
5168,6768
9050,685
3417,844
1064,6453
2954,6069
4657,807
9956,4114
7776,7593
5740,1598
6714,2058
3211,9359
328,9254
5253,4622
3894,791
9527,2901
6482,5066
9436,8075
2785,8720
5901,1339
872,7905
9571,7081
558,3560
2469,8492
1620,6078
6742,4877
1131,7336
4451,6770
4244,8790
2598,4477
5989,8365
2559,9790
4465,9297
1424,8446
8350,6832
9588,622
6485,1040
3499,4925
5611,2184
2034,5792
5661,7929
8000,3282
6099,5517
9012,5569
6943,1554
4757,149
2617,394
600,8282
5521,9611
6760,8580
2580,1772
5062,6285
1123,7685
9857,6107
6497,4189
7857,50
2349,7627
3745,6198
2880,5528
9250,2666
2328,3800
1078,5925
2440,2500
9778,5674
6689,890
3700,189
7702,9120
134,9350
8454,6869
6721,2944
7055,1212
5411,7354
1991,259
4792,9884
9464,2334
3875,9471
7454,7019
3801,2134
387,7216
9078,6879
3239,1943
9433,999
9434,372
7681,6474
6140,7291
5263,8978
6461,3759
7792,5096
6849,9781
893,2788
7954,8067
7200,3727
9703,4852
2244,1238
6711,997
3675,2373
1669,6993
3499,1412
5015,8459
1550,9580
6123,8089
2300,939
1812,9303
5748,3552
6509,215
7349,6667
5711,9044
2733,4938
9302,3988
4448,1230
8918,9276
7193,3581
2000,3863
4626,7287
8354,7180
1467,273
7630,7790
1022,4312
2082,1794
6324,81
9935,5915
8839,2347
5580,482
2884,1676
2080,5640
2504,7553
9730,3956
7604,3930
9350,9434
7893,333
8915,7080
6428,1943
7252,3188
7150,1495
1833,8303
5452,9255
9336,6910
3129,1768
2535,2717
4641,5210
5305,1002
8859,7977
1759,5529
3728,5736
2915,3151
8203,8592
9945,8205
3097,3323
561,6832
7177,7928
3327,3640
7681,4787
9028,7558
6523,3624
7719,8734
9982,4266
2918,8096
6741,7885
9351,5793
4906,1923
7890,6352
9180,4764
6070,8162
5,2908
5993,8469
7261,3456
2287,1293
2284,6218
3886,7818
7966,2261
5321,6820
243,4414
1407,5761
1703,5179
3024,6888
2745,7526
7284,223
1618,201
9420,6925
633,3929
2738,4177
8186,8497
9870,264
9478,4154
7924,7044
203,4038
9880,4201
3583,5353
9696,43
439,3396
6179,8083
9259,3955
7953,1314
4684,9953
1033,504
6267,2508
8734,8815
9981,8210
8217,6869
9078,5526
8254,5627
3107,2899
2556,4866
1616,470
6164,1062
2985,197
8792,3752
6630,7515
3626,4786
2346,1686
8689,4693
1034,5416
348,7543
5119,5811
5979,3243
5845,4508
1818,5180
1685,659
1652,7775
2844,867
9634,1949
2011,3553
5481,3316
7570,8403
5397,7094
4106,431
1634,1814
20,3117
714,3692
8215,8909
6575,9713
8287,1669
6068,6401
7497,6855
5632,2009
7163,6259
8304,9993
7401,9240
9566,60
1674,6311
8909,3986
5164,6654
566,975
8564,4159
3476,7034
8383,5924
7203,9989
9137,1198
5909,1218
2637,6196
246,3371
2721,4824
5285,176
5160,4296
8255,6375
6282,3557
1169,5812
8697,6016
6308,9460
1940,9608
7233,5466
1456,5578
480,7119
7274,6020
3399,1035
1453,7947
6930,7563
2065,4769
5113,9685
1424,7457
5723,6001
7552,4849
1043,3065
814,4908
8744,4773
5738,7638
550,8835
3622,1317
1440,1419
4336,7651
4416,8956
6622,8576
2313,3106
1776,5131
1412,1859
3287,9574
4978,3778
2985,1973
9037,7520
4932,627
7250,1354
4096,2553
2827,923
936,9972
1940,5912
419,812
8579,2829
3725,8184
3682,293
3273,7453
7756,6285
1506,83
8974,4388
3875,2445
7141,5394
7686,4764
8201,6399
9495,2260
6569,4942
5377,3772
2134,3528
5127,8496
6027,6171
1727,1599
396,3210
97,8729
1772,3971
4879,7606
9735,7448
425,1497
7764,5201
8904,6396
7751,5652
2509,6611
3724,2024
4654,2166
2823,6055
1432,661
774,8589
144,4678
3302,7027
8152,9380
7291,4038
1863,4715
9420,3857
8109,2633
3692,7521
789,8873
9968,8514
6140,5029
6221,8269
344,7180
5828,5070
8995,9925
6410,4150
1013,1438
9817,2046
1600,264
9465,4807
9477,809
9021,9435
7548,1385
5964,8582
1996,3340
4285,836
2965,1105
894,2811
4226,6877
4019,6851
72,9217
7008,3209
5082,5099
8998,8210
4188,2015
3845,5200
321,1288
1872,4786
4638,7115
7088,3052
7762,1228
2202,5917
7894,2556
9822,1045
7991,313
6991,3664
677,17
560,3362
9962,7484
8493,6147
9748,9973
951,3068
1981,4947
9562,7098
1365,8623
2465,5904
1190,2311
6702,8595
9393,3727
6549,4908
8199,2839
5003,9726
5585,3832
1174,7895
1121,7722
6160,1704
8618,5343
2456,4567
7089,590
3120,7655
7961,9408
883,8808
3941,1211
492,9224
8721,737
4474,2818
7607,5963
6067,1885
6149,6812
8537,5075
957,6805
321,4836
1597,1983
6813,6084
941,4846
9166,8662
7146,7006
4057,3100
2901,3216
6608,6155
5026,5274
5634,3455
7478,7586
5053,5069
2889,4818
9816,2042
2179,4701
1465,2755
1169,2900
3461,1420
2379,1548
4708,9038
1387,7050
893,6461
5066,1404
8489,2593
4302,8737
4910,9343
2868,1782
1893,8886
2794,1071
4073,4727
93,2019
653,2222
7092,6815
9324,8089
2429,2556
3693,1827
1256,5875
941,6414
289,515
6418,485
145,8327
1395,8208
8984,7828
5220,4599
6209,2932
2788,8982
7237,861
9550,9628
1943,6381
2691,6386
3818,1859
8703,1788
9805,1167
8195,8117
6405,5906
1461,841
5094,4515
2564,6108
6350,5099
2430,647
2233,5384
6084,6606
9441,2108
5181,5350
2041,3551
8704,3563
9577,6486
1138,6262
4990,3169
1562,6380
2112,5825
4592,3872
2642,1359
8777,1939
9299,9112
2221,9982
8486,1353
8659,4433
9600,1625
7759,521
1710,2630
5609,2229
7551,7975
7991,3581
8490,8979
5165,1799
6843,3479
2917,6975
4036,8473
6321,2905
576,464
9404,8494
8427,8172
4790,7650
7765,2565
7238,4035
2328,9454
9863,6722
3378,2109
28,5642
1772,6582
4434,8741
4303,5082
9421,5039
7640,4237
1290,3629
1665,2430
1574,6819
2992,4633
8873,8601
2688,5088
4917,364
7237,8188
2675,1058
1149,2901
661,7428
7105,4489
5171,7869
894,4058
5755,2640
9116,1462
8886,3393
3714,7397
9163,152
654,9203
1496,7872
3441,769
4600,5529
5240,5561
1171,9920
7228,221
4109,7808
2548,1226
7357,2249
3043,9664
532,1685
5170,228
9133,754
9606,542
7049,8504
5256,2540
8768,5128
9936,8390
2322,1242
7837,767
2319,8350
4168,9085
5888,7415
1095,6090
7212,4393
6044,1465
5746,1207
3585,6646
1917,7131
288,7908
1991,4453
4194,95
3253,7744
1507,2524
1212,6703
2289,7088
9735,2280
9926,7997
8527,8809
6680,411
1735,8975
2590,5442
4554,8148
1329,438
5980,4716
1035,8050
204,9834
8843,2029
259,1906
2387,4262
673,5063
617,5951
3008,6428
5402,1547
9267,4542
2342,2585
5763,7802
1170,290
8749,1381
1063,5216
4343,3232
6682,6562
6686,6895
6492,9728
7437,1468
2337,9637
5661,4079
609,7070
8542,9248
4278,3357
790,3189
9032,4818
4628,310
2265,3386
6732,3137
5523,2719
4571,6579
8532,8264
4580,2853
2127,1760
5599,8205
5816,8059
6336,1222
6118,7106
9539,473
2571,3368
3192,9690
2322,5807
8557,9300
1816,3225
3906,6475
8951,9678
4557,8183
1308,3627
6327,7735
431,1627
7630,1463
7584,1848
9435,1679
2601,7801
9105,7780
3520,275
9446,9518
7801,1873
7634,2625
9435,7344
9234,4653
165,3347
1662,6973
9666,1816
6965,2625
3362,6693
4962,9298
9688,3580
3535,6166
9472,3607
1194,6511
5494,1382
3850,2287
8488,9777
5048,8573
595,1133
8467,5697
8749,2335
1932,9732
6598,7130
571,832
8997,1978
8095,3051
1689,294
1142,1935
4448,7014
4897,741
8164,1922
480,9398
3422,5511
8822,337
5701,4919
8727,9693
593,5656
5059,3325
3815,8138
5297,1955
2939,1177
8065,6609
1012,1852
224,7838
2218,6584
8871,9546
1945,6570
3301,9909
8495,5529
716,1036
3871,7780
7033,5923
7465,2919
8326,178
5546,6439
8947,6585
4150,2641
6516,7328
4981,7334
4094,9923
2373,9699
87,17
3329,6762
7690,3973
8487,834
1897,869
656,7319
8118,4396
7203,2594
2948,2020
1211,3349
7157,97
8738,7856
8398,5436
8449,6139
1440,9066
5451,9070
5535,3112
4805,2930
3816,5524
9055,5298
8925,6139
6402,3807
3802,3488
3642,3627
9767,4416
81,4517
4506,3397
7199,8946
9913,1915
5367,6999
5187,8184
9079,4394
1394,5155
9670,5934
8471,5061
3828,4958
4189,3604
2513,6839
6845,9402
8547,9250
8291,8888
2386,240
4655,7948
5346,6887
4574,1829
6526,1934
7433,6498
456,4230
7142,7028
940,1062
4753,281
6164,740
5179,6357
6136,4323
7038,3790
5565,6960
3344,7306
9177,3917
25,9564
6031,4583
5080,5445
8587,1816
8659,4100
7770,6198
8574,2795
6831,8102
3965,4403
9003,8082
492,8596
6519,2120
3767,5119
5691,9619
8532,825
4734,2886
9101,3931
7079,5147
6219,3521
5891,9772
7367,1466
7714,9480
2951,7555
7114,7261
400,4888
4007,6649
185,6703
3404,3060
8259,3702
2213,8989
1902,8967
8897,7458
3171,8711
9971,5008
8930,5645
222,3244
6046,9254
8222,1880
1332,8621
8598,7743
271,1869
3897,1961
198,9349
7763,3968
1341,2473
1658,7889
9923,9723
6365,1603
8359,137
5788,1910
5198,5311
6559,2783
4561,3386
9063,1565
6857,6177
5097,2711
7509,6140
1457,5229
1968,9721
2880,722
5259,4076
8971,9888
4406,6087
5630,6299
4564,2886
8875,4599
4318,8550
2567,5343
7665,1567
1912,4462
9269,9672
3129,4972
2874,873
6220,8228
1547,1410
8233,3623
331,9909
9558,8781
6040,6363
839,7910
3878,8470
4940,4617
2990,1052
7692,8932
6197,481
2206,8027
9710,1265
4998,2936
5149,9646
7491,6232
886,60
747,1637
2888,9462
1956,5934
1339,6700
6616,7501
3118,7641
8598,3087
3629,8589
8794,520
3972,2700
6380,2048
5756,7336
6051,5142
6506,3159
5359,8854
6005,8231
351,5129
9655,1113
8621,4836
1801,3101
2508,9140
1562,4442
504,9207
7321,4017
7266,2941
5232,4824
8334,7508
2286,476
8764,2532
5127,7884
5469,2991
6956,4632
2199,176
6568,3896
1979,8041
8797,8805
4135,2537
1865,2143
5876,5734
8666,5730
3083,5607
7537,1104
5743,6006
8950,3744
8245,7176
61,8415
4285,1181
6508,8047
5956,9489
626,4083
8467,6718
2601,1096
7667,4321
392,530
7511,4762
2464,2477
7105,2058
7991,3852
8804,6639
901,7870
8556,2635
5835,4048
8677,3575
7763,3847
7187,9218
6365,9326
388,9988
9456,3981
2714,5000
3753,8897
6249,1684
8934,1200
3147,3020
7305,9612
5881,174
5512,2969
7168,4155
3829,9073
2461,2473
6499,8722
6637,817
7000,745
1712,6113
119,2134
984,1224
4910,158
8160,8458
9939,8737
2180,6692
8089,1657
4540,1273
6047,5902
3902,2901
3585,590
9535,1446
2845,4033
8038,2011
7956,4210
5759,2888
5500,530
5635,1689
97,3343
7161,5487
9134,780
5993,4222
9696,2213
295,8325
7040,3365
1283,5644
2854,6544
3653,4057
8671,9422
9222,5934
412,7813
9401,9990
1911,2122
1820,4250
9291,8353
6498,9235
1457,6338
3559,2865
6042,7231
9694,7343
5065,7475
4595,6855
9463,3691
4369,5569
2270,2194
9647,448
4328,4456
532,8625
9930,5158
2232,7884
2398,3987
6382,3391
6042,9022
9099,51
4126,4963
1483,9086
6032,2737
6322,597
309,1344
7038,666
8555,175
673,2814
9966,9803
3366,9429
6404,7427
5409,7641
5388,6453
8919,4630
4033,4159
3987,3702
9142,6916
9442,2977
9516,7897
4728,5940
3046,4402
754,6795
955,7634
9296,7575
4974,8659
2374,72
5717,5637
5275,8191
6791,2896
4883,201
2616,3207
3044,7503
7311,191
3819,7262
3758,4844
5031,7396
2825,2440
6543,3599
1400,9210
4727,3315
7489,7745
7526,3458
654,7432
5529,1769
4184,6967
2372,7415
6749,4917
3281,497
6358,4525
5931,1655
3220,6761
4154,386
8288,6621
6262,1681
3140,5751
9185,7453
5286,5756
6129,4116
2512,2764
5357,7456
5503,4223
2293,6021
7043,449
1453,1604
8201,6495
161,5253
9120,8811
9740,5522
463,9838
634,1799
4839,4597
4663,7100
8424,717
1207,2851
7525,2081
4066,2622
132,6044
7404,7065
2914,1352
3786,5035
9608,2764
1783,9376
1153,7506
9314,9728
5705,7617
9800,414
3329,1064
6288,3231
8658,9064
4847,5801
9580,6834
8428,3577
3820,7812
6106,8808
9886,1190
7585,6670
5705,9802
6906,7695
3817,2241
1653,8075
7031,5709
2099,9418
7389,5493
9271,8236
9765,8275
3292,4091
1509,1398
4400,9159
7382,2642
7861,6075
4379,3890
15,192
1944,3890
2756,1314
9574,5689
4129,8186
4989,1415
1500,1674
3430,1169
1091,6564
8853,8148
8185,7671
3641,7503
8577,3080
9334,2363
2051,4481
4420,1091
4327,7089
4006,6132
7691,6613
4332,7391
7921,8946
7670,6958
9617,7562
5772,1747
3127,8062
7657,1373
7656,4913
6204,7643
3252,8156
8817,4490
7367,5000
4378,7498
4951,4160
3429,9241
5001,423
7729,9351
4330,6513
6218,6362
3670,4102
7284,4991
2064,6837
4731,4167
2101,6403
4994,2287
658,6914
6806,9079
9831,7236
5046,6558
1843,6523
6386,6898
6379,6014
2538,7479
7169,3513
2614,274
4301,2611
2466,2928
1945,2592
8484,3800
7005,5626
837,1273
6676,4585
8928,2738
211,58
2112,9885
4532,4338
1610,7440
8750,6112
4468,3212
5434,2380
4994,9342
2742,5602
2390,5620
1171,3928
5835,8721
7652,2734
4445,3377
568,4108
15,7496
9691,8565
3970,701
8312,1913
4356,3073
5869,3228
2292,1179
9134,4782
737,6016
762,6838
2054,7755
624,3600
5842,8119
3630,8343
2928,9216
4276,4488
1864,7397
3916,1701
7286,1025
449,3303
5531,4174
9278,1404
5730,197
5721,9597
2223,6674
1160,5478
1084,6275
2838,8714
9763,3935
8996,4703
3018,7390
6087,4511
9740,9943
6169,8198
6724,4396
1364,8818
5769,1180
1413,7725
5993,7087
8458,688
279,4446
8790,8766
8182,7231
8446,653
3496,5389
4083,1716
7306,245
797,3455
9141,1671
4738,9085
3167,8055
9053,9180
6876,3230
3097,4827
792,3700
7293,3021
5023,6134
6515,242
7642,299
1218,7442
8422,8837
8041,8907
7818,5750
9498,9905
1531,3965
1274,4394
8227,4608
9060,7278
3145,7760
6058,811
5109,7943
9719,5053
3805,8179
4781,6820
7839,8696
5188,5785
2541,5363
1879,6948
279,6246
6807,6744
9845,4785
9676,3704
2609,6853
6724,9725
4698,7545
9513,7134
1512,6954
3742,6780
1542,2573
7987,4119
877,7943
8077,8279
8408,7666
9620,7728
9696,700
8973,44
5487,7091
7469,7813
1229,6181
2460,484
533,6601
5631,4668
5278,9764
9564,9504
6784,9851
4008,2701
8707,7332
1307,242
1436,13
4881,8615
9326,3347
7476,8833
3917,7455
3570,5970
8733,7670
4477,9147
8569,3263
7740,4714
3486,2190
7578,226
1327,2636
6120,6780
2972,368
8247,5570
1275,6615
1621,2797
1679,8060
256,8588
4849,1358
4595,1312
1734,2371
5972,4129
909,8760
2507,4842
3865,9922
8483,9069
1643,2777
4116,6859
6651,5660
8979,6965
370,2943
2673,3765
4633,9733
3951,9154
2359,8174
9751,71
4410,5269
1975,5965
4751,6756
4916,7931
3941,2225
2601,2300
6706,8729
206,8992
8676,2129
1816,9708
3861,5049
3796,2009
7643,6560
1177,8085
6157,5782
7285,5476
8296,7659
5537,9344
1665,5703
4574,3102
8825,2437
993,1613
5174,7499
6366,9519
1676,2535
3414,663
4847,9675
1867,6337
6532,7770
2938,1880
5961,9919
9985,9598
4220,9713
614,5864
4606,6096
1554,6430
252,5396
6061,9512
6829,6356
2192,7351
5238,9335
7166,481
1023,1858
5107,7493
8462,7169
1473,5916
9837,6929
8341,825
5869,3696
7011,8467
559,3850
8629,5727
5320,4734
2620,1113
4975,6959
8,1298
3083,1430
9675,7618
9230,8163
9976,7542
4293,8331
7397,9925
3467,3995
1847,8675
2129,5424
7809,229
3171,4554
6230,5524
5362,4086
3322,2998
5590,8548
2013,7397
5967,7441
6051,3313
5710,7675
4163,2989
6083,8329
4945,6778
2286,8215
6472,2778
1537,3690
646,6364
5480,1388
3849,1063
3503,9456
655,631
8050,6251
2574,3415
7187,4101
2716,1616
1628,5845
6149,4686
2789,5509
1123,6961
3074,1818
356,3092
4485,9028
9395,7870
8589,4728
8624,2059
3225,6427
7554,6160
9901,8725
2029,9045
9909,2135
9254,1215
638,64
8748,2332
1572,6845
5693,7448
2073,1014
8346,8655
2110,4999
3010,3148
9250,9144
4905,2980
9753,2422
3882,9777
4155,6017
9622,3792
1541,4518
1667,9783
1688,604
8465,6846
5975,4576
281,2169
7311,2391
8781,5808
9832,8882
3530,2550
3777,9233
8111,761
158,4508
3040,6057
7193,8125
9000,3151
534,4865
5687,3299
2910,3659
250,355
7316,3312
8388,4345
1214,5091
4052,1517
9146,3506
6744,9339
7088,6698
4044,2837
8394,1594
1184,9630
8638,3759
2609,8628
5287,1817
1070,2091
5463,848
218,4842
2403,6089
4639,9482
9417,2273
5301,2471
4139,7624
6599,9083
7439,4677
5278,8926
5977,9604
6,3281
2437,870
8983,5960
2970,3007
1501,475
2687,402
2193,5625
2464,3638
7239,5866
597,7331
6166,6037
6950,5172
6297,9692
2058,3955
1655,2295
83,620
8723,2481
3473,1535
8765,7567
9411,9820
2087,1859
7982,1140
814,9393
4822,5583
5837,8069
1416,6365
4637,2400
8903,6639
809,9028
8822,4341
6542,6350
6996,7678
3455,7567
7493,3655
5357,3966
530,3738
9802,2539
2376,3024
6149,6163
4097,9812
8589,6079
4321,9846
2774,1130
4349,1750
4172,9104
1932,9187
5894,2344
719,168
1104,9266
6833,1307
7859,248
2114,8747
5374,8847
9964,9186
742,5939
6388,3053
8187,1769
1974,6871
9360,5692
3001,3823
3867,1538
3285,3655
2005,8406
7085,2952
6341,969
4287,7085
8007,5348
71,2753
3019,7968
2610,4419
9921,2560
5428,5623
7475,817
7414,9740
5158,934
4153,4860
6361,3954
3853,5979
3304,2586
7144,6503
5677,3601
6749,609
7373,8470
4640,7994
861,4649
4119,6783
7127,1906
8293,2287
2478,2607
9989,3520
1939,6629
4576,4332
9900,1956
2663,4021
3984,1563
8764,5727
4325,8421
3841,9661
2774,7683
5475,7501
4782,2762
3536,1452
2136,9197
617,8507
7179,3897
6653,2747
6130,7664
5580,2143
6668,8420
5635,7814
2165,8299
1256,1631
3612,5234
3220,519
4173,2065
8915,7824
6346,3106
9500,4773
4912,747
6819,8050
2046,1990
6195,9573
2456,7011
2011,3708
5446,5047
1674,1512
8280,5720
9388,4033
8573,4721
4127,6437
7565,5398
2842,1160
7980,8196
7157,8261
1032,9001
6362,8880
9358,8242
3939,4346
2516,544
8060,7724
3304,9809
4107,1771
3795,1375
6584,6913
3530,2109
597,3918
6077,5407
57,166
451,7472
8162,6866
4502,7650
2074,9057
1059,4460
5018,4718
6074,3372
7576,5422
1969,7546
5679,5573
3591,8182
5472,3020
984,8731
9567,479
3720,1214
8497,8022
5591,959
1511,4023
9558,2012
2163,8476
1884,7124
8776,1432
5012,9108
9461,9740
1639,9250
3781,1937
320,7840
3338,812
1005,6093
6770,2986
3674,5024
537,325
7192,5095
1926,6679
3351,7771
8572,4624
8876,3951
1521,3400
4463,7231
2697,1076
6811,1742
8581,9648
5882,2965
2195,4480
6763,5770
2919,8273
7532,4092
3208,2981
9935,6171
5280,2222
5052,196
9897,4497
2386,3781
2141,6948
6199,1958
4708,9765
1001,3902
8973,4323
8447,5148
7045,668
7486,5522
6961,9280
8350,6935
6146,6539
5243,8497
8356,894
4656,5215
1535,8351
6790,7690
9595,9310
7851,2466
6936,1803
7597,4335
9508,3302
2793,595
2644,9271
3766,134
4028,8841
7827,543
2653,8917
7952,7274
2828,6771
4955,4357
1322,5651
9790,8198
6605,9633
6494,9873
1869,8921
2600,8459
3160,1641
3375,2389
6610,7878
4500,8208
949,8366
4850,8746
1528,8160
3634,3109
3927,9706
2592,8948
3221,511
7284,4721
8928,4688
9128,521
4112,8463
8964,2461
4215,6702
7318,3579
8330,1887
1052,7687
2964,3942
9707,6189
840,3409
2134,6573
8502,2867
6427,5141
7618,2318
2798,4693
5268,870
921,3174
8837,8417
3112,704
6092,9772
9432,2473
9268,2664
9460,8181
2687,5575
1422,3702
8781,7811
6157,278
3800,9308
7155,8015
623,5429
8219,38
5498,1864
2064,4477
7965,5162
7407,4219
9280,1616
2387,9754
2426,9338
2661,6071
5795,7113
1973,4338
7369,884
6550,8888
3121,7575
1372,9294
176,5442
5899,3639
5461,1923
5833,6145
6504,639
9314,7212
6369,6039
9066,5124
7390,3238
2703,3330
7935,1997
8786,4380
4191,2337
2272,1604
6951,6272
6982,5142
1954,776
3159,7470
9766,3416
9362,1734
9321,2049
2236,2006
8889,5015
2294,2178
2663,5618
558,4016
6771,9057
6707,6137
311,9768
6759,3183
2562,8047
7141,3658
7078,2765
3079,1457
2630,8219
7140,4937
3590,132
233,9221
6031,6247
6726,3309
7819,6457
3306,6966
4256,1379
939,8254
7221,4491
4776,72
7654,5107
8261,48
2004,3160
1054,2027
9042,4606
8401,6594
5138,5219
8400,2163
8299,2857
4388,1420
7757,6235
2417,9008
3762,4584
2478,3483
1675,437
2656,887
168,459
4197,3444
6145,9531
5926,9738
2191,9124
8842,5118
3835,3676
9128,527
3019,6848
2545,24
6320,1535
2588,6695
2320,6215
7965,3316
1117,9914
786,5270
8120,9151
59,4406
3948,1654
6317,1514
4536,9840
8082,5389
1117,930
4571,8030
2825,6201
5684,9559
5044,4307
4762,5124
966,2465
644,7325
4743,7882
6091,5596
4522,3139
2972,3490
1996,7161
9817,7623
2559,3260
3254,3303
6572,5898
4039,4857
8148,4606
4981,7579
2303,6091
5115,7354
2785,7344
3448,3985
5132,6487
763,9298
3261,7003
9592,7192
7641,4819
5057,3695
7259,1548
8296,7871
5891,7862
2068,8547
4191,3675
8196,3949
4957,6422
8291,242
1856,3146
9873,8251
2219,2503
8934,3463
6627,2978
1028,4498
5670,8879
2686,336
8875,7122
935,6519
1677,1243
5430,8607
2679,6609
1614,8935
6340,7356
7709,5604
8272,4093
6136,613
7569,546
151,7244
1921,2284
3350,4921
3899,992
9023,4369
5909,7656
8819,8561
6329,8281
2713,8802
6314,7633
7392,2723
4169,542
8594,1906
5634,9644
893,907
1570,8727
8367,7678
8338,6041
4438,7433
2627,4076
2432,3958
3880,7706
1166,4369
1172,7771
8665,984
1087,7078
6523,733
8917,3740
9279,3378
9476,6000
207,5785
8060,9879
552,3498
2753,8419
8710,9555
6917,349
6105,1144
462,5605
9738,327
2071,5596
9410,9064
4658,3951
4664,9851
8541,6992
3728,1276
7541,5191
9819,3662
2890,6807
8498,5935
6573,9431
9076,7584
4171,5099
9186,7106
7094,8761
9097,8140
7459,681
3630,2556
1903,1338
6549,3317
7373,4343
5072,7194
2908,4605
7780,9186
8305,6714
1392,4146
7227,228
2553,4736
9387,5661
5830,5982
8043,3218
8057,909
4219,4500
6070,3846
2067,4099
6986,6844
6158,456
4691,2447
71,587
2552,2134
5991,277
670,4039
3689,7172
1364,6048
5828,4355
706,7082
9703,7227
7560,8737
9130,7352
9963,5226
2557,2764
5,8630
5521,289
9260,235
5307,2920
3393,4833
6137,6527
5298,9165
620,8092
3430,1870
8246,9229
8496,1368
2839,5137
2322,2541
8169,9296
695,2157
8667,2964
8632,6448
1291,448
7763,4285
9089,3719
7323,6147
5423,2868
2641,7954
9431,4228
7858,59
5914,2613
2032,2400
8955,6979
5004,783
994,9351
626,2589
1143,3682
4049,9851
1552,737
4966,1828
4032,7529
9708,3598
2045,2160
8314,3194
8769,9158
7185,4348
238,8229
4255,8031
8254,3898
948,421
1571,1023
1180,9073
5557,2282
7074,291
935,2609
4649,7698
4676,9013
9105,8098
3305,1126
3958,6301
8165,666
2463,4815
7317,6120
685,3391
3753,2754
3262,221
1925,5184
8746,7869
9770,7062
8908,9040
2656,1440
5111,9350
2236,5417
5039,5866
4570,4774
5410,9180
9356,4605
9220,2629
6333,2963
1243,7909
3637,4890
34,3231
5694,8258
5827,9905
4507,6661
7103,7848
953,6991
4508,2264
15,772
4706,9523
7507,4872
9669,8882
8678,1040
3232,1539
5716,3037
145,8515
706,2824
2444,8333
918,677
5975,8446
288,8050
8592,9950
790,6605
9144,5330
6554,1030
5102,1100
8874,4958
7983,6482
8604,5050
7640,1891
2368,2264
5619,9385
7192,805
3191,6221
6562,7843
9825,1199
3013,6723
1072,4683
1976,3866
7734,2718
3986,1383
1045,1868
5306,789
4311,5081
7403,5156
3221,5824
769,3857
6070,4982
9788,2157
8629,141
8535,3617
1751,3220
6690,4857
4615,1213
3297,6217
9478,6757
1665,5077
2228,619
1115,4686
6635,1423
4960,9857
546,7537
9585,6724
2896,9158
5540,8301
3352,8946
742,5898
9510,7612
1952,8389
5459,3057
7950,7522
7425,4166
5569,8032
7564,3005
535,2748
7988,7668
1020,4237
4425,6806
3964,1226
4109,5351
8899,229
5921,7810
7821,8211
4298,5205
9304,7353
9101,3266
1329,2365
1184,7538
4963,9658
1166,5572
4356,7903
5951,4666
3396,3077
9015,5108
6498,8009
5980,6427
9044,6391
822,5820
9997,4794
3653,6690
276,2950
5399,9754
6835,3408
6953,3902
5714,8023
5264,3111
9079,3963
2210,3247
5274,5530
743,8324
9212,4470
4766,194
3466,9307
9777,2050
3144,3279
5230,2625
2966,8191
5311,556
8442,5871
9385,3423
798,7197
9970,8380
9019,2637
7030,8100
3765,3267
4950,5006
780,4395
2664,6237
8249,1623
8395,9174
8014,9010
312,5323
7428,7984
1195,9757
3838,5858
7273,7127
392,7167
3507,8459
8975,2525
800,8485
9295,3225
1820,7134
4894,9570
6561,7516
1967,2435
2454,8238
4601,3030
8279,3253
6107,6907
9842,2969
5554,4424
6881,6369
7649,6862
3719,4787
3133,4764
5163,8960
6615,7168
845,4819
4674,4882
5678,4233
8055,4343
6781,5159
3550,3677
6114,1211
264,6879
2970,2983
9058,457
5041,9624
411,1964
6092,4165
8789,3512
5591,1209
8704,5115
4265,5578
3869,8761
6380,7034
7054,8476
1167,5448
8461,3554
1068,751
5528,1306
428,916
9386,9454
7335,6909
1203,8382
9204,7232
948,1518
8137,162
953,3091
3751,743
6319,9528
973,3409
5130,98
5516,2041
6384,150
4380,1729
5915,8137
5471,9051
8238,7780
9516,1639
7010,1982
3283,5295
537,4556
4537,7776
3956,5095
9016,7365
2100,7919
9515,9825
454,9019
54,2931
3731,3610
6467,8565
5374,1764
444,6078
3588,58
3521,907
6114,4393
337,2045
8945,7775
7295,9049
1404,7937
4765,4022
4136,7382
7713,1945
243,8550
9585,8443
4790,4232
8444,4243
3730,1295
9946,60
1848,339
4919,6526
1636,868
1218,6614
2357,9628
5559,4362
7347,813
9210,8818
3722,6002
8961,813
3665,115
725,6144
9457,3418
6459,6380
2973,6139
2608,5508
1307,4435
4506,9068
9839,4898
3086,6563
8016,8224
8035,6675
2775,8255
7927,5533
664,1711
7166,5499
9989,2473
1700,8960
5985,7177
692,4809
3976,6912
2306,2704
6409,7245
3941,521
6386,6870
8969,7706
2047,9787
7605,2142
6513,2350
471,2721
3030,9002
3809,6917
7667,6423
8112,7383
2227,5676
3844,4234
5630,6921
1319,6880
1427,5741
2572,9046
4537,2955
8055,428
4443,7577
7805,5317
1546,6440
10,6577
9675,4852
5745,5981
4520,40
8376,4736
2755,5179
5820,9665
3068,430
5066,9532
1589,5427
8012,6767
8302,1066
9103,9493
3815,3044
211,9662
5103,1707
2778,343
5741,6071
1462,8224
7126,8722
2098,3474
5855,2590
1469,2137
5681,7126
5794,7928
3260,2538
739,330
6248,418
2827,6001
180,4213
8248,2072
2419,3167
2449,6635
5000,1735
6751,5259
8317,4464
871,2271
5301,6198
7962,6348
285,1885
501,394
2481,275
3813,9124
8758,5615
4193,5010
3351,2620
9431,5519
3606,7035
3285,2536
5460,1386
2665,4989
4269,7190
5162,6685
2579,8942
3381,7054
5101,9561
6504,418
1796,6667
4940,5883
9134,9807
6119,7711
7586,5342
2750,3920
9784,5716
3297,5868
8111,4435
7049,3784
9255,5302
7498,7816
112,8631
3886,686
5526,4489
1679,429
8456,4132
7899,2644
5765,8584
9199,3088
2746,3518
1319,3573
7740,1600
8186,5388
5137,7326
4305,2178
6494,7776
5373,5810
8643,9351
4575,2737
5291,9798
744,3941
9559,2469
5890,6160
2596,327
2630,7382
3047,1072
9368,2382
9692,50
7720,4728
6979,6007
6179,6402
3161,9776
5975,8176
8090,3203
1341,7469
2978,6523
1284,6898
5557,8905
8010,4416
8953,2179
7193,895
2371,5582
6622,8200
6168,9629
5835,185
7614,6214
8804,7219
4908,1850
1179,5702
4499,8878
9856,7808
4048,6798
2787,3405
4918,5470
820,3989
7101,1674
5305,4121
4568,3632
2833,9921
1467,6239
5735,6062
249,3424
8348,6698
6250,3129
7350,7067
3530,5031
2305,3091
4537,3426
3692,3251
9929,1286
2022,8403
3292,7774
8878,7759
9097,2823
8349,716
4593,1456
4954,4802
5629,9864
4102,7092
8254,6673
3101,9985
5787,9026
6180,6815
6536,8485
9205,4944
3806,3066
4078,4377
2219,867
1064,4848
8502,9311
5343,7111
812,671
2063,3026
9607,324
1055,9793
3111,8780
8726,692
3084,7313
1312,5940
6141,8236
5341,6925
83,8898
7536,7965
9571,291
5280,628
473,4685
9297,3275
8973,1682
4265,7917
6204,338
4362,9432
4390,4922
1695,5006
5512,6836
1489,8376
9300,1172
1624,6216
2270,5469
3733,971
7590,6594
1577,4108
3791,6491
5112,5850
4403,9795
285,7443
627,5676
50,4127
5437,6104
9573,3990
5713,4652
8633,9813
3803,5794
6097,8542
6670,5294
8576,9045
9292,184
5501,394
8021,4701
2280,687
6547,2715
2740,9168
8343,8597
8555,9540
4154,5664
4322,5055
9856,2417
7986,7713
6813,4931
5702,8686
5487,875
5079,8302
3185,8914
9278,2381
9781,5853
4773,6205
2119,7043
4190,7560
2229,5337
2450,6900
8542,6205
5509,775
1500,1449
9532,506
8305,5696
120,928
1379,4898
1480,3744
8621,7933
6625,9739
2555,2438
1372,6894
6265,4365
9774,2393
1479,2183
2710,3996
7671,9610
3188,9437
3674,9925
7258,7259
4013,7761
4275,5843
7461,286
8226,2581
9265,5876
6203,9727
2915,2882
8739,9893
1675,6457
609,1331
8566,7605
3074,2232
6028,770
5154,7574
34,8609
1843,2098
3672,1536
2879,1530
4840,9091
405,6671
9473,3210
4398,8513
9575,675
1841,2854
9335,9260
4316,7375
5747,7981
126,8638
8104,6016
9502,3561
8748,9252
8328,3447
1401,569
8719,6099
421,7454
3305,8431
4477,337
7831,2634
8705,5298
7073,641
3476,9597
9183,7520
1084,2207
5537,4374
1029,2921
5193,2478
3165,9530
1094,6812
4206,1614
7276,4769
9749,5957
4132,6290
5626,9967
2300,3427
4428,8859
2165,1969
9505,8939
669,5024
8353,1573
550,5433
9704,4020
8177,3439
6151,7517
4133,4630
6480,8872
8305,6164
7636,7652
8760,2407
3025,9301
1533,4906
2667,2741
6687,8615
8302,1290
2604,1529
934,2238
7397,9106
7483,3007
3273,8001
7850,8231
7909,4899
5686,143
5514,9865
9692,3149
4828,1765
9921,8174
6692,8700
9094,8263
1235,6744
8575,2215
6745,2122
9228,8373
8439,4512
7870,1604
3293,1577
3511,6109
8440,2119
6337,6344
6851,5759
3983,1068
5109,5639
8556,1845
5805,5453
41,5605
7675,8783
4456,4062
9473,1746
3101,3972
3517,6000
2337,1548
2844,8327
4029,3014
2927,5804
8781,7320
1508,9588
4495,104
4923,8515
6212,6345
6311,3690
1957,2187
242,2138
929,9404
1583,3370
7279,291
9879,7013
8175,7021
21,2425
4302,5072
8561,6082
9474,3945
6392,592
4068,5306
9842,2595
2609,9138
4249,5636
2613,5212
6175,7506
5127,3147
4733,7860
8009,4014
8081,1057
6802,7609
9237,1137
6254,4210
8884,5373
5664,9068
7454,8737
9850,8511
4313,9252
1585,499
412,3024
2570,5402
4085,5231
3972,4147
7205,6272
5366,9635
5487,7600
920,8875
6021,7658
5435,6815
9348,9547
7120,4962
2417,4156
8708,8867
4329,7820
5961,9264
2640,1311
2342,6310
5061,9403
60,8038
9050,2479
4693,2056
5077,8233
908,6256
5351,5585
5293,1398
1457,2948
8684,6194
1469,3559
812,178
9295,1125
8434,3983
6459,4687
6885,7194
9792,5655
1901,221
5961,1441
7708,220
2981,6536
1807,3045
3307,7828
2109,6373
4132,2662
4821,5428
2847,427
5801,1798
3073,3042
3325,4192
4413,6986
6301,2348
9911,9990
1620,7656
5406,2500
9108,234
1373,9352
5735,4234
3319,5789
9080,184
7681,6103
4306,5166
9705,8395
5947,8182
4012,4501
7352,6158
5611,7971
6158,5779
9150,3866
5051,6325
9297,7086
4917,6226
7349,9703
5485,6735
6997,4049
18,9933
5503,8267
3251,522
2804,3198
5645,4288
2378,5240
8577,9693
8255,5668
8089,9793
4339,4203
5215,5485
6531,5226
1821,5200
719,6628
8575,4570
6353,1633
353,5310
4162,6286
999,3298
2697,3664
6565,9825
222,6071
2202,7775
4221,405
4166,7500
5648,8696
8706,5835
7621,1282
9826,2467
5418,1872
8758,2610
6672,6931
5339,9732
7322,8962
3684,614
6479,2088
1858,124
112,4827
5033,7894
3629,6453
9384,3511
4990,7974
711,7525
7196,9631
7063,7615
9850,4480
918,3271
9154,5972
3253,7879
611,3453
5284,6747
2394,97
9171,6292
7637,3172
5383,3760
4838,3128
9698,5657
3175,452
3281,7262
6922,1392
8288,3797
5910,1443
8821,1595
517,3283
456,7358
7717,4194
8119,1633
9715,2650
5270,9893
4787,1858
8221,3498
4468,918
9881,7668
1798,7280
4008,9014
1840,665
6382,669
4002,6832
7674,3405
9145,5948
4704,8296
8159,3386
8691,7546
5236,5098
4147,5903
1886,9621
5517,1048
5957,1693
7523,3613
4788,6548
1269,453
8043,6395
5737,6988
3444,1701
9973,4291
1958,2162
1643,6780
1816,9401
3863,6264
2575,5879
1384,2866
2477,1644
2675,9817
6906,1034
7046,9861
5903,7993
5836,1966
2482,8236
3739,3846
8523,3916
4197,4850
5391,706
6642,5514
3540,9566
6015,1240
7238,9456
4864,3429
5504,9914
4013,9986
8456,6139
7012,4799
1459,6842
8660,4430
1901,3416
2341,851
6720,9178
4875,245
9610,3589
9825,2817
7530,5006
1683,1111
8405,5073
4350,3283
4177,1249
3891,9125
3910,4140
5061,5504
4189,8738
3099,5741
9528,5535
268,229
1543,6445
7363,3725
4113,1820
4977,6084
6015,7752
7808,3267
442,9285
7164,912
2311,2107
4363,2067
8909,5104
6536,8598
54,2091
6169,6267
2109,7542
4387,3479
6059,6954
8451,6970
7099,140
7968,1521
5562,2408
782,257
1773,2551
2074,2382
4626,8411
5084,4605
4012,614
6684,9897
6360,7866
210,594
356,2322
1631,3924
3287,3351
6066,3856
8047,642
8441,9647
295,4623
9375,6472
9919,6772
9782,3459
4127,8161
9373,5880
3212,2277
5096,7061
428,101
638,1513
9370,1435
1556,5719
2630,8066
2087,1081
6911,1056
6589,5729
2005,290
1944,2357
8714,912
5156,8984
7815,5369
1035,7915
4950,7125
9646,1347
450,3378
9524,1261
8607,5435
9365,1992
9102,4962
8881,8990
4312,9503
9317,3262
2943,3975
4066,9485
4035,3775
7615,9676
7607,9018
7187,2501
4911,7682
8483,8427
5881,729
8099,4146
9012,2173
4633,981
953,958
5925,4522
1071,2701
3364,2666
4951,4677
5587,7068
1571,9678
8429,2289
502,5042
7200,2502
2693,8262
5405,983
4141,4801
3276,8787
6875,8634
73,360
5023,5068
7123,1813
1461,629
1976,8156
5867,9462
5506,7813
6838,2536
1007,9330
2510,98
4024,6598
1352,4579
8486,1614
5139,2653
4175,2752
2168,1284
8459,2778
1718,9724
9892,2355
5804,2466
8544,1348
1011,7504
7867,1456
8679,1274
7335,6776
5825,1769
8963,6032
4767,2268
4164,9963
9973,6666
6478,4482
7099,9256
2043,1663
8598,556
4489,3709
5965,2505
2484,5394
3878,7801
1219,2866
1863,1041
4482,1438
9241,5305
9138,9670
7356,2330
1960,8102
8148,7569
8476,3970
8251,4350
1756,4980
2874,5349
4949,2477
7233,4771
6666,8192
8763,5844
3054,8430
218,805
4955,3650
7257,9344
3771,2709
3817,2136
7409,5968
2821,4359
4061,8627
2993,3052
3832,5097
804,1060
7767,7258
8757,7091
8875,8099
1256,469
6122,889
1707,7373
3967,2191
2326,8428
4918,8203
5069,6695
7021,470
1486,1055
732,2125
6343,8639
8256,3574
9486,2556
981,7005
912,6257
3387,2821
8746,8654
8023,2749
2298,7314
5039,1921
3098,4189
1060,7958
2253,3619
8681,7700
6891,9023
726,2857
9179,3254
7250,5160
7909,4835
6622,1131
516,7699
1020,9414
6526,3644
4504,3788
6176,703
4393,6757
7829,3635
8423,6624
6707,5419
9939,6122
7256,3047
7057,3764
9076,9166
5727,850
4084,2715
8844,5322
8065,2666
4897,5073
4367,5754
8895,9803
5984,9753
195,5985
8877,8962
5855,6187
7617,5054
9645,7406
4308,5949
9721,6867
9303,3676
1306,1573
8901,8867
1690,4294
6175,1703
3995,431
6908,2066
7386,4226
229,138
9459,3369
2985,6499
8361,7826
1069,7201
5980,307
7868,2710
7950,1912
3654,8093
6020,7713
856,2101
7179,5818
7622,4790
4137,4281
7391,6400
811,4174
1652,7352
9636,8181
2957,9847
196,3569
7986,5991
2322,6909
5383,2467
1335,9001
7811,4724
5290,4608
2131,6502
8183,4366
4217,1935
2716,7513
2408,9327
5008,4906
816,5242
1287,7254
1266,6304
6527,234
4075,9224
1461,1802
3864,3111
6305,6707
2149,7623
143,9181
9917,7783
4419,1981
7817,1993
6584,2358
5824,9136
3793,3143
8804,6144
5639,4682
815,9007
4681,9409
4157,180
696,9415
747,1918
4232,1321
7076,1233
9759,4001
5945,7049
9113,3818
214,1335
25,4024
9079,2007
453,6032
4,8480
5769,1139
7962,1248
3300,9810
7367,8556
2114,2484
9340,1943
4955,2461
6205,8083
1014,4333
5528,254
3797,9537
4597,3846
4320,8275
4983,1746
2432,4983
8660,3940
3038,9611
7332,4531
7285,1051
409,2799
7705,3294
8703,8156
1041,7453
1458,6269
7861,1358
2597,8702
5914,6780
4768,2837
5585,597
732,7636
5707,6902
7223,8476
9157,4446
9196,4562
3538,1111
2104,1796
3673,9225
7889,949
4691,5823
5821,8193
1552,3674
5222,4041
5753,6744
86,5658
3103,4076
4255,4280
5556,1568
2435,3028
829,3939
4030,7370
5293,6850
881,367
7962,966
5342,6778
2642,1565
8066,2356
4496,246
611,4978
55,7829
3827,3984
7049,67
5603,5688
6288,6100
6679,887
2355,2628
7131,2746
4882,8902
1996,7566
3212,2667
3917,8351
1252,389
7352,5951
8068,9626
2669,8888
6247,6945
5228,4137
7285,8576
2721,5153
956,4375
3812,1883
3403,8266
2033,8918
1195,3107
3144,6855
2687,9861
5131,2638
8824,2927
8488,3030
3004,4784
6614,3924
8279,9711
658,4065
5406,4116
7851,781
2554,74
4583,148
9655,4932
5999,1656
1449,2005
9468,6766
4941,7363
345,433
3144,2843
7614,6856
6834,5651
5140,6420
222,2811
6447,9461
2759,6550
2920,9617
5076,46
6079,5158
6524,9898
7134,9405
2986,464
1399,7023
9033,8702
9873,4039
906,601
1350,6055
9300,9997
4728,8411
5794,2736
7186,2816
7103,762
7996,7587
7991,1080
7479,5424
9185,3480
8832,7589
3948,1220
567,2967
5618,8096
7647,9365
3030,5620
3795,9167
4298,1583
8693,4422
9621,9560
450,4221
6465,955
9758,4643
3656,159
7715,7706
3249,144
4127,2320
3445,8817
54,7227
6247,8541
5471,5779
2418,8267
2375,9607
2467,2516
2369,908
1599,5194
9254,8898
7987,6357
7121,5065
2032,2462
8880,4891
3922,7012
2134,7832
3311,3638
7214,9721
7280,4971
178,7014
7390,3280
8146,9654
3458,5016
2391,9419
5940,5600
5167,2163
1107,9874
6049,3131
6976,4728
5369,7411
7934,2445
9175,5235
9500,8240
4914,19
283,1712
3542,988
6014,7439
4566,8445
3640,8230
1,869
9295,5145
3211,6318
1063,5527
312,8388
8675,3378
283,6357
6571,3017
4067,1103
757,1727
9801,6081
6144,4791
9327,3769
1564,4355
489,3648
2424,5539
4835,4909
231,7574
5955,3485
8412,3066
2799,7088
571,6621
7659,1281
3531,9499
5086,8043
6080,8840
9307,2570
8431,5813
1880,3951
3756,6502
8120,2460
1070,269
3588,4498
7078,2449
4994,7305
2035,8938
2604,7999
698,1849
1207,4546
1508,192
8771,9542
8206,2236
4763,391
1096,151
9316,8033
9847,3583
8982,8832
9764,7986
4422,7924
833,5810
8482,872
9747,1318
4335,4095
8143,2573
5201,703
3708,7034
8321,776
1401,5668
7782,8900
9047,7079
7425,5865
9679,9938
4892,4267
5060,6176
9664,5305
9828,7877
5493,9312
7488,8661
7758,97
7953,9564
5299,9437
651,1415
3020,1094
3331,516
5769,7226
4270,2324
2775,6486
5266,2825
346,5606
7918,1309
8557,5097
8052,219
8858,201
1826,1450
7276,1991
7787,1296
7427,6644
7211,420
6006,3856
4396,6878
7137,9360
5211,6550
8046,4104
5182,6842
1643,9281
1156,2164
9051,2954
8563,5159
9258,9621
6952,5676
7498,1112
1168,6091
8411,9361
6585,645
701,5385
7200,5347
7128,7312
4375,5087
8174,4650
2410,6597
2660,4794
6136,8876
476,7876
3272,9262
1736,6839
2326,4557
8122,4889
4823,5255
8946,9845
8929,7015
981,9619
3528,9088
2368,3176
1253,2059
9602,9483
6813,2254
5677,1168
6566,2558
7550,824
506,1110
5186,4836
251,470
1998,3683
2643,1437
8989,3106
8424,921
6118,3542
6822,4008
6051,9245
5473,5574
8848,9367
2952,8558
9746,1549
5179,8546
4613,9128
2063,691
9249,9518
5738,8927
626,6334
4820,7361
3385,57
2349,1428
4593,4180
3809,5411
6825,3108
3285,2125
8535,7498
3313,8593
2212,6498
6160,7724
761,7134
967,7797
7945,5900
8593,9868
4099,7288
2462,1036
7284,5393
3813,1863
6131,2970
1370,1341
5411,7592
2007,1168
2840,6139
9369,6952
3314,7755
1878,5085
9069,4216
8398,497
165,2380
6416,7225
3858,1845
7367,3510
4443,9513
7348,2603
8088,5208
6205,6474
223,7582
4974,6515
1058,5076
2461,6663
494,7282
9498,5351
6521,4742
948,9495
7313,3824
1554,45
174,2068
1048,7834
8393,8320
8560,210
2940,3693
6866,5197
2512,5528
6187,8950
7287,912
197,1215
828,2319
5109,1007
2727,7391
4965,3024
1386,92
4016,9675
6788,520
4436,9441
3210,3583
3509,5462
6025,7194
2684,5572
6821,8846
1921,7166
2199,814
7818,2256
1026,1329
6955,4566
5927,7889
2446,6525
9048,5098
3600,4163
856,7718
7189,3213
3452,502
1672,3377
3037,6348
6702,9965
1454,4116
1359,3018
5188,8583
6243,688
6406,8590
7831,7494
6271,9748
6340,9392
8571,7103
7860,1345
2852,2591
2970,6451
696,6003
3706,8262
2702,8226
717,9235
2912,4381
4009,4775
5695,6563
422,6742
2465,224
4190,9868
7628,4395
1767,7326
7644,7960
897,2523
4948,7675
9349,6722
3499,4960
501,3125
2742,3550
6406,7373
1862,8929
1376,8182
7788,4354
3806,7588
8230,5059
1175,7502
5239,3306
4586,4317
8869,8394
9482,2936
5788,7270
8612,3250
7412,2291
9877,3158
1058,7200
5530,9239
1239,4654
2821,3839
7484,2650
8607,4557
3990,6463
2277,4139
2810,9678
5689,2921
7807,897
1332,8300
2057,8252
17,6635
9199,5084
3342,2100
8496,1091
1320,9317
776,2757
9447,7447
3056,6462
4580,279
6458,4118
9754,2247
3695,6677
8374,7711
7151,6223
6879,1381
2133,9344
4473,5518
2517,2156
5044,6625
631,9663
4562,2024
9642,7506
7892,4905
4805,5070
4684,5583
344,6202
9730,1598
5099,6008
1828,4012
4299,9645
4856,6604
3910,9174
6433,2109
2863,6755
8681,760
915,3228
3937,2296
9964,7507
9560,3346
2775,5793
8811,6010
9752,615
3893,7325
8642,7272
5315,3843
1228,6038
9596,1805
1054,300
3358,9803
1073,7679
8220,5896
7407,2481
8284,2246
5837,105
8933,386
942,8957
261,2940
129,6502
8446,2042
8030,3623
8878,9070
7088,6273
5321,272
6146,3784
5293,3557
9033,5820
420,8328
6663,380
3355,8878
7887,1407
8799,2952
4259,2805
2321,9761
2798,1292
6977,7536
4678,7848
4575,4926
1942,5182
1678,3046
4995,6182
9407,9748
1354,5856
3580,5848
2935,9208
2870,8567
4716,6034
8187,5476
9542,6641
7007,450
5132,5982
9407,373
5501,5807
1905,7742
5180,7202
4547,1535
5132,1254
6192,4317
4894,7279
7433,9778
6402,212
321,3873
9068,2120
3047,2748
4964,5459
9634,5317
366,3225
7755,9816
5945,3587
6565,7468
5217,9700
4455,1197
6093,8921
2349,9368
5928,907
9794,1028
5099,1211
6730,9617
3682,1767
6498,4906
4441,7455
7307,3906
2765,1232
9626,3529
5545,628
7193,8042
6113,744
2853,6936
8114,6867
3133,3820
4740,9214
4825,4476
8393,595
9835,7972
3086,9541
7695,4305
1804,4906
9065,2038
1945,3041
8049,6956
333,7071
2987,8528
7674,2902
6858,3403
1061,4624
8975,6887
3468,1099
2949,8318
9210,7874
3006,6464
1793,2489
5761,576
6727,4308
740,4202
6444,7862
8129,3280
9268,5063
8642,3780
7132,4053
5025,2272
6484,8155
1809,7479
6643,8245
9684,5005
2464,3071
8084,3919
9492,7957
4899,3970
3643,5749
7075,6500
513,5511
5537,4263
178,1004
9271,8578
4659,5350
1003,3844
8708,2773
468,7644
8076,3425
8834,7268
450,4933
6206,2819
3425,5222
1500,6032
7619,2499
9145,3330
2622,6918
6176,4421
5994,2666
8460,1079
9662,4277
2683,4455
6314,2086
8616,8275
5235,3412
5910,9192
130,3695
4677,5834
6942,4319
4995,5967
813,8984
113,2458
5931,6338
4819,2522
1980,335
8153,4564
639,7013
110,2114
7207,8013
2341,6752
6575,4277
7385,8560
6823,5643
1874,9455
3116,9137
5657,5407
453,4546
6216,9994
3324,3347
7925,9319
3351,8667
3968,2110
7738,4648
817,2821
1387,4332
3407,3366
7974,1207
5558,6663
7697,2494
4179,1996
5179,1811
2736,4483
8633,210
1740,219
4617,5937
5711,3156
9647,730
2469,7317
9745,2568
7176,7236
4107,1382
5012,6645
3222,2495
3206,8180
1471,2258
6698,5355
6520,20
4271,1522
2891,9738
7944,1334
5247,7471
3257,6421
1285,3594
6626,8620
4831,2620
7841,4577
6354,3608
4214,8711
5149,7688
8570,1869
5699,9472
6389,4788
1721,8437
4906,7781
35,5293
6183,9455
4029,1098
1780,1897
7606,8962
9800,7266
440,9869
7731,7934
316,1569
635,5214
6978,2513
2437,6031
1209,4791
5136,9566
397,3642
7712,3242
8339,9862
9005,2045
6903,1335
7542,8919
9448,5254
5619,4954
5752,7312
3897,9462
2420,5092
9502,9486
9395,1256
5704,909
9231,7298
9424,2038
6188,8862
115,120
2842,4954
273,974
5851,7575
1979,1385
9161,4567
7781,8514
9383,1398
5308,1412
398,7119
5941,2698
5139,140
5652,736
8878,1178
4696,8291
2584,8397
2901,4699
2893,904
6042,7102
1906,7955
6982,3037
3096,2897
4913,292
6778,9390
434,4654
7076,6121
2116,9518
1970,9104
5097,8211
6246,2336
7203,5016
9482,6456
1158,1964
3858,5237
2851,6839
1684,279
639,2679
4380,7052
9286,4055
1383,5633
3666,6286
8631,1378
5786,5984
492,8238
7062,8219
8159,8315
8622,9968
2513,8629
8262,3772
4687,2299
738,9350
7474,2130
1350,8129
3590,403
4310,6914
9311,6693
8536,2789
1226,2057
7573,7784
5190,3591
2884,623
6253,9567
7441,4077
7041,121
4145,2691
8628,6617
7626,1353
5619,298
630,5058
7364,1572
526,4295
99,3929
7319,5690
54,9611
657,5802
9769,7789
2888,1483
9106,7444
9087,385
9106,1765
3124,4913
1563,3896
6595,3249
2195,2962
8917,6823
6337,6364
8290,2932
970,248
7979,643
4571,5266
21,4959
4663,1990
2084,865
7448,3
5214,493
9168,9989
8691,3787
2102,6382
389,2191
7483,603
3367,7603
5070,3978
9294,913
781,8628
4923,6599
3445,9778
6672,4642
1173,6785
1083,4320
5028,3073
2296,3508
2163,5540
8821,6681
7397,1284
4520,9339
6035,5526
6400,7573
3989,1421
6019,8415
1286,2335
4892,9817
4904,6397
418,1003
3906,7754
3478,2443
263,9924
6506,1641
2584,3390
6387,1021
7072,2330
621,8110
1970,6036
9767,8948
8677,1073
1112,2239
566,9138
4816,6090
7416,269
1194,7897
611,5346
988,8925
4712,4415
1456,1743
9208,8084
499,9250
3580,433
3655,2164
6629,6089
972,3049
8893,1673
3054,1283
9370,2807
732,1365
7593,5665
601,6343
2020,7919
3664,2159
3771,9800
1700,3702
5510,9289
2249,6181
6317,2562
9815,5419
9028,6101
3610,5357
6447,5897
8845,3544
6055,2842
6941,9879
1135,3972
3657,2990
5190,2113
6586,3405
6101,6406
9308,5146
63,2132
1116,1043
7282,9292
5931,1926
8910,6091
1795,9642
491,7417
4145,2308
9160,1400
1172,2353
1153,5548
4348,8368
6145,5124
673,7087
4196,3539
8294,7535
4471,2465
7196,8097
4257,1546
1410,8051
7473,1820
9194,4203
8700,240
2516,3836
6226,9992
5674,7134
7628,7367
3088,2560
7284,4096
2079,7855
1568,4416
8994,6379
5155,4535
6411,33
8674,5262
3194,3482
5104,8654
8879,8199
3029,9881
7308,4506
9156,544
5516,9841
6632,903
1079,9946
6219,7200
3457,6056
5796,8856
8689,3784
5808,2520
1408,2298
1693,2283
7687,3951
1510,4284
5079,6262
8714,3611
8,4025
6849,4938
1661,4429
8998,4899
2778,1649
6628,3549
1086,7944
8644,2812
5794,4148
6698,9743
9855,583
9455,5672
9223,123
7125,8419
7386,4172
125,4085
7246,8178
5361,1028
2517,2735
7441,5606
9806,2974
7034,9305
3375,7196
8734,4751
2942,8330
8744,3487
6906,2405
710,8531
8244,8396
5767,5023
1930,8234
3142,7658
9107,3148
913,7715
4520,5403
116,5195
2441,3393
7894,9547
8923,2429
9045,2312
2426,933
3804,2058
5242,8269
5386,9301
405,8023
6285,252
2381,7545
8187,5069
7087,4974
8412,9132
9630,4122
1193,6752
919,7160
9463,7555
8285,5985
3820,4759
3090,2354
1924,9867
227,9465
3306,4421
424,350
2870,8592
7228,3020
747,7876
3351,9239
5346,312
2232,2172
45,1080
914,2771
9514,5483
315,5217
8958,1192
4282,8777
2807,4284
1161,4803
4014,6659
9030,2836
4173,2684
5871,7502
7398,600
2671,1472
6058,1972
6057,4810
433,8274
5750,9705
6117,4963
2835,986
7002,4731
2265,7433
553,8944
1060,5700
6761,2160
4615,8769
5951,4258
7246,5912
8407,7705
5247,2607
8900,539
2576,9032
3415,4668
5657,4418
5251,105
8669,8123
4703,3727
9564,2304
7811,6578
5188,5830
7572,6362
7861,5921
5738,3598
6465,8255
7193,768
4832,2684
4571,3198
8146,1384
6345,7619
4258,7407
8213,5752
5994,3605
5603,8275
4256,2565
3860,1456
9772,9612
2017,6518
6429,2408
1765,878
9371,6483
9861,3350
1000,1726
1340,1634
3337,8073
4688,1925
4072,6271
227,2743
9526,726
5410,6220
9249,7042
9228,6460
6552,2841
5392,9721
5843,1378
7137,252
1807,5848
7240,5920
6447,5209
4285,2794
2943,4772
7242,3662
6294,8125
5282,4598
3536,8034
6420,609
4704,1225
5484,967
1445,2992
3339,2711
2737,3026
9463,7909
1550,5199
9761,449
7973,922
7534,5549
1905,4921
1377,8205
1347,2719
9234,1879
5503,7917
843,7296
7109,1359
9944,5192
8426,3746
3624,5347
3858,5977
123,2412
7874,3003
4381,8436
2419,7507
4039,2488
3211,2288
6141,6006
7191,5261
2187,2595
9880,633
4273,7484
4376,874
7154,7712
9640,3618
6937,3967
6929,4185
5628,1498
5628,3586
5272,3107
1214,3119
4423,1409
3504,3897
4382,2082
649,6487
3566,3936
7228,5719
2270,9456
1872,376
7588,1799
9152,9731
1140,9567
7717,7050
2616,8669
1846,9425
5307,5479
5156,8671
3673,7584
3296,9992
2238,3977
4117,2793
1784,971
711,9738
30,7227
2863,3412
5852,849
8725,3939
7278,1208
5861,917
5288,1137
8401,8245
4218,7633
5130,5335
4912,7804
2609,8290
4474,4244
8506,2898
706,5280
6282,1650
4286,3368
5789,4911
7387,6813
6711,5198
5961,3888
5191,9653
2585,7163
910,6286
1528,3003
5107,1383
1138,5600
7316,4927
6269,2532
3284,2427
7518,3600
2741,4945
4531,3475
5870,619
1085,8704
9109,7808
7493,8513
698,8106
9549,4311
9096,1491
6426,4708
7564,2076
5233,9001
8711,4605
8275,1139
4243,861
5352,7373
2694,5557
2465,4326
5071,6016
9263,8195
7612,4601
2960,1554
3301,4014
3226,274
6875,4904
9751,6705
3179,2486
382,6562
1498,9131
9998,2428
827,8320
1635,4097
4192,1780
7466,7604
6456,726
795,2546
3439,3780
1774,4783
4716,3601
7555,1857
2608,8976
4343,4861
4398,7984
8779,5996
2,6707
6183,3580
4270,4903
6674,3176
7057,1197
6856,3449
5010,2698
2095,3891
2969,5879
2858,2239
3540,1821
1412,1751
7356,3111
5638,9700
7247,2115
1926,9151
2430,8746
4640,967
2103,3193
6206,5971
5835,8003
3425,4343
1025,8176
8143,264
1048,6107
2611,8207
5769,5135
1141,1071
9762,572
5995,7226
6955,8501
9304,3302
9291,7105
773,9474
6037,4874
7173,6560
4213,8707
268,97
9345,7198
92,9721
955,4875
2169,119
2760,1251
7501,3811
6485,2240
5067,4867
2879,13
4514,5617
6764,5017
238,710
6,8398
3506,6030
2715,9310
6571,5984
9013,9700
7346,4216
2395,9984
6718,7531
1924,9046
9902,2424
9395,7693
9145,6963
3037,4794
5918,3470
6429,4363
6064,6076
3727,7720
9379,6407
5095,1396
1872,752
3769,7777
3028,5251
6776,715
2188,493
4756,5673
9838,9283
8930,2734
8743,2376
2647,6154
5486,6937
5714,2139
5579,2460
8184,9251
336,5735
1021,8194
1047,5097
2026,5271
3928,5980
8294,3338
6036,6984
8024,2163
6502,1721
9107,3917
8585,350
3569,2544
2672,3673
9187,3176
1355,900
893,7368
9107,2734
257,8736
5030,6994
8036,9081
5655,8899
734,6102
9377,7453
3922,3338
4483,4057
5150,326
623,8761
9813,7060
845,866
5108,1218
525,6485
7838,5836
3605,1647
2608,7278
846,4294
7574,5926
7938,8027
9595,6786
7144,8029
7450,8392
7786,4746
3731,903
3519,4592
9089,3897
3112,3437
1925,3697
2693,525
4583,7396
8912,8164
4584,4959
5425,8858
312,6082
6408,9929
9209,8447
2389,98
8490,5322
9672,8429
8902,2147
4488,3531
8874,8240
9760,9008
2244,9493
7547,3106
9393,8040
9652,73
42,3644
5259,4388
4589,5425
5923,8019
7113,1611
1231,6543
8727,8758
1117,9169
8679,1313
8172,9761
8672,2019
5174,8288
5049,8326
1333,9646
8615,8670
2310,7683
322,2657
8420,8148
2206,3106
8421,2133
7862,8920
8925,8522
9772,6236
2911,2458
7084,9609
7189,1276
4805,9975
3071,6316
9967,198
1749,8131
497,5965
329,1724
213,9747
1533,8974
1872,580
8642,6401
258,4579
8017,9969
8806,9177
2668,6056
4770,4083
4494,8583
7926,6180
2359,350
2785,4247
4386,4786
4110,8583
1333,669
6434,3057
3152,3725
4127,1733
8497,4694
520,935
9,9104
4076,4570
8783,4890
9285,5676
7296,7930
5486,5844
191,8016
5582,8761
7087,252
1870,394
4348,1065
6890,9234
3126,3992
5671,8128
1629,5458
3839,5968
7603,2654
6921,7201
24,9076
7962,244
1057,6627
4117,2671
7507,1998
2705,4961
9954,4584
5248,4437
3215,1006
258,4472
8866,2740
8926,9542
1708,7857
831,8259
7174,5427
8395,1419
174,804
4984,4189
2495,3649
3459,1493
4546,6835
632,5613
4182,7877
2011,5295
95,2638
6279,9661
8716,2195
428,5920
1792,7801
4642,71
1115,4546
5416,9160
3868,1260
9519,1651
2416,2118
6211,2313
9698,7214
146,3269
7167,3925
5771,1265
2522,1994
4511,8449
9863,1072
5569,8091
6890,9130
992,6393
4078,6267
5026,2992
2435,6670
7634,1495
369,7728
4322,1516
553,5617
7871,3369
654,5607
8002,3068
6495,1955
7738,5805
1573,4208
4031,7827
1896,5358
554,2767
6380,124
1649,3064
4659,2358
1597,9857
2415,9492
9761,785
718,7280
203,6245
1664,7215
8377,1691
3281,2701
2037,8173
7424,3834
6466,1502
6505,4074
648,7453
2433,2555
7990,6586
2696,7243
6818,6488
127,7293
8967,7257
4734,7754
7206,2389
5374,2029
7109,8738
1644,6678
5370,6450
5391,5711
3123,3395
7402,4473
2067,2640
5390,6641
3922,8333
2722,1338
4572,6255
8222,9975
6908,3091
4365,7387
6762,3588
2482,1209
9510,8232
7702,1463
5251,4646
953,7243
6369,5469
4580,3219
2915,8844
9650,1740
8066,176
6478,3574
2981,4751
3484,8578
9979,1994
8197,8899
8511,3495
7110,4829
2903,4300
211,6684
9511,9002
5086,1443
5562,7885
3721,8891
7300,2194
4621,4120
9206,8569
5118,9876
2235,6281
9012,9570
614,2277
3693,3058
7507,5827
3223,5821
6856,6991
3743,8333
3771,2992
9867,936
2514,6596
3305,6296
618,4325
191,6570
7508,2767
1661,8636
846,5339
6549,8639
8936,2048
3690,3062
3045,7086
5266,6749
7991,5071
9239,354
2606,2406
9430,9098
7657,4865
8001,8440
1431,3075
8352,4462
9180,7969
1415,9176
1703,5077
9313,1337
452,6981
3191,2362
4514,4700
7640,2508
2360,4224
4849,6387
1654,1670
236,4558
9501,8430
1172,9072
9338,7583
5964,6341
4141,2553
4896,4227
6651,8112
1598,8045
6957,5863
9693,9697
8115,247
8336,8688
6508,4713
8927,8380
8082,473
8005,9371
6414,6239
2814,2293
7928,9975
9728,9859
2703,9302
3950,1542
7076,6678
5498,5913
9833,3916
180,861
2088,2464
5207,8509
9388,805
4732,6007
9993,5150
9081,4296
3602,408
7421,4216
8370,7650
1122,678
5618,6098
9815,6806
2448,147
346,1259
6524,8580
346,7522
7198,7328
5707,3293
7937,6471
8598,9152
3287,1766
9752,2165
250,5766
5533,3527
2236,6152
7456,2592
5261,4556
743,4422
8364,9901
1362,7573
5040,907
6797,639
5922,7858
1605,7593
4423,6386
5139,4563
3057,712
4051,1633
9931,1261
989,4605
9676,9555
6746,3152
1391,6198
7378,7639
7735,9748
9459,967
8581,4291
2701,9950
8537,6593
8288,1650
1414,9074
9824,459
2828,3792
3233,7509
6709,3577
655,7304
6208,6076
4750,623
9747,2160
9159,3964
5564,6052
7646,3317
4670,2706
9323,7148
9256,5809
9568,2541
8921,9143
7944,7151
8460,8859
9971,7286
5920,1492
8515,387
3357,467
4607,8291
498,7582
8167,6207
9592,9243
2232,9061
9789,26
4816,4612
9982,1613
9020,4803
9915,8184
7339,6912
6619,632
4689,7470
1748,3421
7667,2715
3504,9230
9472,2640
9258,1050
7613,9427
7198,1173
4554,3316
769,152
8243,2092
1996,9712
1755,8826
9423,6052
6150,5723
2924,6527
9508,9820
3808,4750
3881,8750
1200,4437
9728,6109
3104,5782
7648,1122
498,9215
7589,6199
6150,7833
1079,2050
207,4698
7430,8286
2444,3121
3353,7523
766,568
9715,1259
3622,9811
1452,9557
1384,3286
5061,7675
7348,7683
9867,6369
2275,8762
7970,333
9396,9666
8900,2907
4824,2186
2421,4078
1491,9575
5472,3708
8975,6323
8820,6542
125,7973
5210,3841
8555,2458
1820,2894
5355,9559
4638,4308
4895,1932
6741,1083
9151,5041
8515,4595
4199,4183
5833,4632
5570,9712
8331,5478
4467,2686
8285,4508
7276,3839
7757,8073
8420,238
7494,4426
7947,5959
5173,2679
3216,350
7810,2257
5182,9856
7547,7750
6989,5737
1041,6403
990,6327
8986,1766
8632,9449
9338,410
7175,3564
816,8228
6631,2348
583,6093
7727,4160
4257,2509
5177,9215
8749,5463
7317,8337
6627,5028
3351,7428
3590,1388
4190,7923
6211,1574
9733,6385
161,4412
9543,3170
3862,9194
8809,6350
259,8595
1143,9000
8364,1004
2768,6460
1121,8480
7491,5204
7790,6790
3195,7743
3931,5651
4132,5195
9405,4350
1980,8087
8726,5729
2731,8834
5057,8032
3311,6991
3288,6604
7433,8299
7833,9893
617,6509
8775,6413
9654,1036
109,1772
6271,1493
9596,9145
4155,657
9401,9452
4210,2344
7437,212
2166,2912
2696,2157
1325,625
6397,2185
7839,4580
6677,981
630,8612
652,2818
790,3479
4494,119
6073,6395
9684,4295
1996,4121
7821,4207
6300,8052
148,2633
5339,3012
8458,2369
3021,2613
1531,5614
1489,8701
4812,365
8131,2454
8304,9802
2073,3727
4082,2732
1524,6101
4499,762
528,2029
8356,7471
1946,6554
9332,8497
2992,4598
3911,7907
9969,8282
8878,7708
9540,4444
3191,9790
4462,2565
8975,4527
1015,6050
2707,3275
1694,9682
8874,397
3418,915
4995,3117
2069,6442
5301,4607
8695,8293
7612,6828
1977,6541
4887,7293
4733,6185
7792,6686
8178,4987
6974,4920
4498,8944
4949,370
983,665
8095,7149
6815,796
5537,939
6398,2867
4515,8581
4579,4125
7647,6290
5298,4368
652,4146
8975,5738
8594,3614
2044,6029
3911,8937
6033,8222
361,5308
2046,9466
1606,4015
7317,9277
4864,4413
9617,2395
1322,2578
4446,4248
5479,8720
7335,6101
5479,5328
3614,1364
7001,3334
1591,5183
5977,4790
6679,5391
1388,5502
6665,8322
9504,9643
7440,1012
8687,9521
639,7527
602,1177
2810,1782
1469,9557
6960,3423
8711,1398
496,5190
7250,4113
8003,4059
7045,3378
6118,5898
9571,8451
5387,5850
7281,8011
8299,3575
8986,5888
3337,8523
8872,4939
1335,6416
4468,1309
36,3488
7940,6022
3898,5810
9198,107
9791,4734
6261,6346
4482,7818
6359,3018
2172,623
5150,8040
7957,5612
9218,3464
9878,87
7289,1356
590,5477
329,4004
9602,2828
7921,3764
6147,7994
9775,6043
1788,928
2030,5530
574,1704
6730,478
1196,282
6222,541
4183,8241
8118,5302
4577,9086
6168,4407
6475,9321
1530,260
9950,8620
5851,5009
5271,9631
8595,6357
5502,4328
935,452
5287,654
7382,5470
7188,3368
6118,2606
2571,3523
7601,5781
1909,9799
8506,7250
7736,3298
4499,5472
5750,6729
5650,5463
3318,319
7960,5582
6578,2610
3213,6944
7516,4727
6768,3064
1976,2358
7667,7582
8677,743
1006,7243
8,366
8492,5681
4779,9547
5504,5907
5115,7379
188,9822
9594,311
2928,4874
6224,6762
7219,7668
3747,917
308,9743
1638,2255
3649,3913
8840,1869
3041,2282
3130,436
5174,6508
9272,5269
8466,1140
71,8094
1803,2572
7889,7585
8045,2979
5505,9030
5526,4149
1449,5431
8760,8798
7144,921
5311,4241
7005,2922
9326,4901
7391,3201
6611,2551
955,1272
4385,989
9030,6596
7512,1668
1580,1921
4454,348
2550,1262
6773,9684
252,2158
2463,4690
8978,9842
5162,4569
1941,3506
5831,4401
1383,1472
705,3340
4061,2415
1369,8599
1135,4485
6378,1366
3648,8059
8012,7968
6965,6898
2589,3191
168,9189
4101,8521
8900,917
5887,9494
3880,2667
2925,865
7998,142
9063,5150
8008,4874
4691,3863
5674,7660
2100,1486
6865,9589
8937,2124
8405,6779
6508,3870
4122,7978
54,9136
5452,9526
4520,319
7130,9029
5710,6958
8953,731
4636,9782
4920,7794
6331,1655
6571,8848
2824,6055
4522,8710
2959,2872
5317,220
3552,7355
6799,1074
7655,2031
8636,9151
9061,9830
1518,1113
8683,2589
7720,225
5687,4236
8186,4043
9888,4380
697,7480
4999,4730
4653,2600
2229,3242
1120,5881
4431,3083
4397,334
6235,1453
8573,1014
5698,9303
5315,2123
6821,3758
9195,5495
1128,3963
9800,5142
2561,363
9178,9338
3115,443
9763,7106
5133,9990
7956,9425
9460,6823
885,8554
1890,8000
1877,9334
9552,7651
2834,5651
419,1701
3949,5587
1842,2326
2363,1356
9693,9734
1579,6472
3058,4603
3962,2963
471,9739
9869,504
4242,7536
1900,7989
510,3979
7250,5595
1143,785
4827,7588
590,8245
5928,5679
9692,5296
3484,6713
5505,2370
6789,933
3838,3235
193,5386
6940,1708
9119,6761
4844,8034
8827,1022
1510,6445
8184,522
720,966
8009,4482
8557,8932
9882,6257
2615,5970
1154,4302
6208,2192
2036,6760
6410,7767
2943,3754
6882,1329
3043,9080
3066,8575
4894,6397
8957,6316
7866,5829
9519,8751
5724,2535
1059,956
7969,6805
230,7327
6255,6450
2651,7216
453,4139
7067,6288
6880,7213
1432,8291
2121,778
7996,4812
484,9217
2108,8566
534,9788
3672,7368
9823,1801
8551,626
5590,3600
9290,5069
1519,8764
7398,819
1406,2511
181,5360
6600,413
3947,8656
6483,7018
3961,7866
1156,6501
3792,2490
7254,7068
1893,5309
6694,6032
6411,8813
7157,1032
9961,2507
8172,3898
3804,6119
5631,9911
2832,1419
1502,5943
5340,2793
2961,320
5497,7764
7715,4770
5966,5170
4805,7675
7320,5737
8619,973
7402,8157
8283,6970
5642,332
87,9320
7738,3006
7557,9944
7669,4272
6492,3263
879,4536
9093,6321
6351,648
807,1623
1214,1821
8178,4402
7750,7367
6621,3078
7200,7209
290,4519
2835,7460
4978,6189
3114,4195
1905,8289
4832,1655
4457,4776
6104,6914
9935,2106
5666,8942
256,2138
2985,2161
4035,449
4104,4021
6399,5477
4887,9417
2250,4411
5076,6868
3561,4983
5466,3087
7759,6186
2773,4639
8807,8904
3418,1138
4514,5789
1887,2066
5650,6137
9984,2890
1158,1379
8260,3901
5120,4307
5143,4030
6960,5183
7934,6770
3498,6817
7653,2881
6478,2074
3137,7961
6452,5433
5868,6479
845,5818
3161,4462
8213,23
8836,5127
2323,378
5169,2180
8511,2128
7104,1169
8083,6737
2848,4252
4482,512
3042,9402
4434,5910
2787,4679
6603,7658
3559,9493
2039,3619
9115,5522
148,4105
9930,8363
13,5970
940,1548
4968,2029
6894,2547
8383,3529
6405,2559
8552,9081
2764,2287
9110,5840
6530,7948
5856,7179
2244,9774
2504,3928
3356,1864
6040,6898
2031,4386
1911,8675
8029,9758
6573,1292
9760,668
8549,6135
7623,2436
7595,5745
2263,742
3596,311
1345,6082
7686,4872
4749,5063
4037,3308
6491,5879
801,4281
4468,9986
7298,7454
3319,6967
6292,1555
74,477
1848,8418
7032,5764
2372,1360
6605,3382
3758,4114
8704,5602
2166,1855
1907,5143
594,8053
4910,9497
8926,4013
6565,2354
497,8583
7624,2252
7804,962
5129,7059
3391,3170
4548,7351
1786,2427
6848,1229
2090,2241
1308,4999
2264,7465
658,8618
6849,3689
1859,8245
620,7823
9465,3148
6486,6567
4836,6863
2110,1795
3007,8031
8685,4117
6926,1964
5328,4753
2672,8182
8708,279
8503,702
8502,4073
6453,9434
4098,7402
4862,702
1013,6909
3899,1798
4562,472
9058,4
6411,6727
7711,9932
1842,5890
2090,7491
991,2508
9385,3667
752,70
738,6370
4385,4912
7562,7457
2448,8799
7511,8445
484,7932
8602,6093
520,1431
7766,628
1179,9533
5997,5799
6312,5735
4600,1066
8127,4183
3,9561
8986,7567
217,6512
9508,4205
8180,3504
9065,949
8269,8935
781,4980
7545,2276
6302,5977
8823,2815
5789,8997
2741,7247
5171,7398
3839,3721
3800,8944
2266,8515
3825,3884
9077,7132
7915,2549
3187,9363
1852,8876
2574,5862
1659,2614
1342,9157
4022,5502
