3794,7772
6549,9973
4905,2351
3967,3052
9581,6
4558,8322
3918,567
3759,2564
9650,2221
5516,6338
1856,5519
679,8669
1315,6995
987,671
7534,8456
4014,9001
3812,8972
261,6927
9253,8266
4470,2864
6740,4487
8689,295
7428,5717
7922,5423
680,1660
3861,2832
5258,3052
928,3482
3782,1682
2759,5425
6348,8706
654,8564
4547,3788
4779,5480
2436,7755
6814,9478
787,2846
1755,6085
6006,5665
7790,243
3259,1290
6876,5863
4490,6793
6020,5518
5535,1872
5248,4328
6859,3641
5861,6296
1088,6259
5490,1970
9814,950
3691,7364
8285,5455
7659,1759
9138,4520
4820,7969
7745,6165
7957,7735
6,7195
4066,8553
9223,2121
5019,5229
3467,6936
2555,4115
9892,8722
3399,9030
1466,5628
1223,3286
3581,8288
1450,64
1666,163
377,8615
7296,3645
6397,9506
7671,1745
2517,3788
6355,6207
9556,8184
5286,621
5242,8731
592,3249
7549,2501
5243,4989
7950,3443
6907,7779
3815,4822
6277,8917
7534,7780
3161,4319
3267,4666
342,1946
3186,5659
7800,7958
3035,1727
6434,8068
2749,3540
376,447
8231,3802
2308,973
7069,7708
6880,284
3882,5495
7445,905
1034,9821
414,1887
8276,1175
2686,258
5658,3344
5140,8870
3327,9599
5400,3791
6633,9189
5999,857
6143,3139
4379,5091
6231,7537
1149,822
3049,7691
7040,7082
330,8938
47,1092
2031,6512
2075,1668
5929,1079
8914,5373
3887,6139
5125,3738
3587,6123
5339,532
6890,734
1441,9346
649,3512
8548,5379
7090,5613
5411,8409
8726,828
6342,6502
7071,3731
3366,9798
3905,3216
1287,1235
5403,3345
3309,5066
7619,4206
5860,3921
3376,5409
4081,4262
4160,4711
9226,6302
8569,9889
3120,880
2230,1955
2579,5358
1727,7123
7341,4045
7912,8999
4040,5922
4731,7020
277,2566
1965,7719
7081,513
749,29
3752,3821
9313,4487
3727,5973
6760,1875
7955,1785
5058,6623
8970,8189
1660,2199
3322,8541
276,7202
7453,9517
1794,3771
8855,2550
580,7487
2638,472
439,2956
3685,7094
9939,1673
293,435
8062,9851
430,8969
6557,1430
9530,747
4643,2781
5719,8416
9577,8921
6432,8359
353,3559
8430,1892
1450,9571
4757,9492
2544,5177
6719,4412
5305,9333
5343,2872
5465,1031
9373,9364
309,6436
6291,6040
9232,4515
2429,7367
7558,5332
4945,5090
1877,7044
8221,1770
4890,3904
3915,5861
7638,3760
3421,1689
570,8012
8049,4385
8104,5553
9625,6441
4908,4791
2818,3319
7643,657
3251,9632
759,5565
3757,7470
3637,1567
8460,9290
187,9634
6968,1360
8537,3730
3935,7740
6548,1081
3729,8107
6041,2060
8970,8156
97,3499
5329,6892
6763,5325
730,7517
6198,6316
9449,96
5204,8558
237,642
7601,5521
7503,5343
1732,9300
7854,4121
5367,3302
4851,176
1137,149
3882,9871
986,4003
241,8599
728,7516
4756,6987
4015,882
8986,4823
1765,4050
8499,9941
4211,7594
7222,3333
7861,6078
5408,5190
1033,6330
4802,6874
5286,6415
4223,2728
9276,9495
3981,7028
9644,7473
7483,9016
6996,7783
6354,7045
285,2641
4604,9298
501,1147
7501,958
2850,9200
4139,3322
5541,4394
2710,8236
9376,1919
4974,3859
3886,3429
7114,5282
5096,1416
1932,8157
4586,1185
709,3657
4665,1675
5668,7635
4226,3394
245,6637
931,6736
5932,6095
956,9067
9178,5426
9911,1363
4836,7873
4200,5550
7684,1370
5741,5384
959,7889
6084,7135
4563,3072
7957,5719
2697,4412
6744,4292
6207,3682
1761,3383
7352,8324
2026,4677
8104,6960
3981,8338
5836,7512
7843,7730
5977,6687
3652,290
7774,7136
2323,1548
6827,693
4409,5111
1435,231
2494,3340
5763,1324
6052,4036
5830,1206
994,828
7123,1628
3711,5411
7643,1139
3318,2351
550,6763
7923,1604
1623,5237
8826,9977
3874,7098
6988,3100
953,4068
6421,3699
2749,3206
7746,7367
3642,5857
639,3080
8940,7754
4653,5804
9729,1698
1793,8519
6955,8179
5681,1223
2939,3807
4653,591
5090,5706
9192,1874
4014,8461
298,6860
8346,9415
9031,416
1868,7543
9980,8106
7966,1244
8959,5784
4002,5474
7823,2779
6982,719
1970,1911
2615,2924
9618,6304
1957,818
555,7313
5125,4060
6675,8966
8528,3437
4967,3978
8166,9073
6438,1313
9238,3207
9225,3506
1138,819
646,3073
3128,216
4295,8131
7402,1881
9347,2954
9400,8081
3966,6329
352,9845
3394,1270
9965,8201
5327,233
6560,4153
3813,7545
4259,2257
8449,4605
1772,3672
7579,2429
1320,9760
2715,4963
2274,2963
7979,3686
9223,6749
6272,2159
1555,430
1910,4088
9219,7055
8187,3557
6882,2225
5933,6607
3921,2476
5076,4444
1561,3049
8755,4439
82,6143
5080,8613
1621,3049
5339,4246
1749,6021
7744,9997
8154,605
7439,9097
8717,325
6364,1836
5697,5274
1808,3548
8659,2422
5226,414
2854,9999
9668,9110
4105,3919
6215,7855
8745,3509
6689,3670
1821,2381
8765,9094
8676,2559
1582,7199
4475,4864
7445,5799
9647,4101
7064,1180
4340,7901
8352,2909
6751,1368
9578,993
9565,1807
9499,2206
2184,2842
913,7706
5248,1713
5723,4205
144,9932
4642,4234
1223,1350
6702,9182
3652,9304
7996,4190
3744,2574
253,1017
7420,5175
7150,9066
9491,8355
4667,81
1035,6938
884,29
7880,1103
6155,8549
6574,739
1209,2202
6933,6565
2049,660
1190,6989
56,4461
3486,8244
8767,4826
6994,1010
9405,7231
2565,5267
9052,95
237,2046
9306,5258
5986,7844
9038,7931
1899,7098
7666,3836
9808,9749
3528,1374
3282,5145
8446,897
9033,7353
2112,9332
3094,313
6941,6421
6532,7860
2435,9905
4132,3238
8848,3150
9374,4024
4273,4374
7343,3658
7097,3794
8276,9143
3197,7545
6739,8163
7396,4483
3041,8116
1461,8685
9493,1814
6684,5042
3315,9470
6624,5012
100,6930
7717,1654
1665,5834
3250,4866
4508,4113
2150,8276
7817,7150
4703,2078
4049,7289
5585,9252
6951,7317
720,6928
9815,3864
3145,4638
1434,6120
6409,4561
8496,2034
5637,94
6455,8060
7254,2588
1691,5204
6873,6082
2780,3788
5703,8998
534,7085
34,9182
1958,9437
9146,6878
4804,572
4903,2473
6546,1886
6754,3999
4929,8229
9838,336
9790,7348
5014,1033
9462,6096
7349,9014
5644,6055
4273,7058
9612,5502
6582,2096
9448,4327
1927,852
6995,5199
2256,1721
3639,6208
4148,1829
2423,3320
8939,2871
9905,3011
9333,2376
2644,4059
5398,5035
6401,3748
4118,1280
1914,845
8649,9316
6901,2554
603,1125
4298,7790
5562,8532
9356,3916
1551,2748
6929,9651
2067,2564
7850,5300
2611,2914
8067,8663
3223,7250
6053,5105
4405,9040
8763,860
4869,2961
4894,6985
6239,8057
8569,4009
7674,7960
2297,3084
99,673
7407,1289
513,824
8057,8316
3272,9702
4096,8989
4043,2268
3030,1777
1733,5897
368,6291
1319,2981
57,2595
5175,8347
7169,7219
2018,9287
8178,6907
5220,475
2797,5808
9640,9287
1248,4818
7680,9643
2768,528
4234,6185
5261,3410
8422,7380
6525,1790
6045,5365
6134,5133
5116,1803
1764,4
5295,7015
3777,5009
5682,2349
158,7073
2322,8548
7700,4338
917,4030
5114,1511
2720,4527
4361,8376
2542,185
1659,8286
2362,9820
806,2225
6277,6904
2575,7398
368,8041
1398,3717
903,2903
237,3484
5337,5543
6456,5414
8440,4471
4111,3285
3718,7062
2467,8121
1054,841
9822,81
1492,479
9209,9199
562,2180
8203,8827
3136,47
4279,377
7159,4987
2445,1727
7109,9860
4989,3548
5668,4447
5627,6666
6971,9364
5641,6759
7452,9992
4761,3735
5574,208
3218,6650
9488,6924
1679,9081
6688,9062
4806,6120
4101,8008
7673,1498
1825,8957
6184,4765
8381,679
8172,7572
6174,632
2388,6968
5341,9012
743,7744
2285,1176
61,1871
8239,7516
7658,3065
7918,9328
7049,8252
6603,3343
3725,7117
3009,8451
488,675
8162,1410
9207,1201
8269,6542
5136,818
6337,840
532,6526
6131,2017
8380,2313
4176,932
4500,1388
8141,4902
5365,532
936,8037
7187,5650
4000,426
1379,1758
2211,9505
7463,3494
8848,1886
3209,493
783,6400
7190,3319
12,2212
9639,2056
2434,1365
5133,4177
3020,3117
3718,7637
1847,4087
9914,3668
7219,4200
1166,2728
772,4057
1386,8626
3373,5743
8557,6256
4557,4443
3381,3809
7364,8682
8657,840
1653,1954
4213,2210
4271,7714
4250,3595
8675,5125
4489,8667
2429,220
5258,5056
7094,1747
8182,6006
3184,77
7113,6511
48,9669
8444,6764
4633,1131
5340,9211
19,8420
1565,6278
3134,1276
4859,1679
5386,5183
9384,8311
8060,7993
193,1038
1465,5516
1330,9233
1789,9675
9376,5527
6325,6912
3431,8327
6215,1966
2021,4922
917,5603
7029,846
7321,5654
3982,7905
6744,4298
37,5407
2517,9383
1072,5724
6112,7560
9821,377
4489,6839
582,9217
2496,9736
140,1768
8655,2424
3171,9698
3008,1932
2781,2533
8576,4717
3100,1151
7623,6372
3209,1844
7657,6666
6140,6609
8420,8708
2989,4579
8501,8060
4045,4578
168,5467
1822,334
2799,1383
2858,3306
1814,7521
6771,5779
3422,949
9381,9448
5225,5792
2825,7928
5016,9355
7027,3708
4722,1685
5784,6657
2701,3590
8652,1827
9392,3109
7029,8645
9011,7325
2364,8241
2599,2328
8087,6865
7661,6755
8236,6227
1747,2966
8302,6859
3137,594
8407,4228
9058,9719
8995,8149
6044,9205
78,8401
3310,3477
8008,7066
7141,7334
4807,8747
615,5195
808,4340
6391,4994
5460,6189
716,7052
2273,1290
8632,4006
9513,711
2290,3604
3149,1821
4305,3898
5135,251
4945,3818
4590,6932
7949,6904
5429,7919
6164,7444
5350,84
3155,5965
3254,3867
6755,5264
4213,2963
2678,5946
4812,9969
3052,8637
7093,3295
1500,5256
4424,3932
6712,1818
3145,7384
2855,9260
9920,9049
4517,8534
3702,2870
3969,6137
2419,4805
9716,3603
7960,5465
2416,8836
1025,165
4669,3953
5952,9872
6592,7078
1664,1975
2999,4376
1501,2441
7316,8228
7126,7916
9248,9644
5407,776
7310,7539
6975,9804
1504,4141
172,9965
7381,8484
6108,5562
8538,4909
1557,774
8991,5700
1837,9094
9442,3129
9807,5153
2648,6574
9621,5502
6291,5234
6422,8525
4024,6829
2609,6832
7448,9347
5649,6442
7653,3936
2192,5440
798,8978
5028,922
2587,2093
6775,2370
5670,4084
8692,46
8409,429
2342,3884
6033,4903
5469,7367
980,7732
1375,7663
8875,1941
6266,6643
3155,7332
7261,9382
522,5211
2302,188
3769,7515
1046,1014
71,410
6115,8657
2627,4044
688,9804
2539,1147
5600,221
4972,5685
5208,5897
3520,5237
4387,7489
8061,741
2220,5087
6570,9533
7418,2453
457,503
9857,4202
949,5242
3507,708
9975,9776
7805,1828
9844,2518
2288,7662
2666,3391
4210,4662
6555,4464
3652,7690
6926,1780
5621,202
3466,9031
8219,4062
8830,2381
3947,5065
9344,7154
5493,5266
8781,2355
1580,3491
5610,4555
8508,2211
2871,7763
2973,4162
5942,5616
7646,2878
6033,4877
1698,8567
2238,2533
2812,4379
6205,9146
8121,2594
655,2505
9335,8778
7998,8190
2093,5112
7204,1597
2952,7402
6208,262
4830,1552
7522,3603
5196,1208
7547,2076
8299,276
3172,1185
9080,3362
7970,8733
9571,6794
7562,2055
7255,6729
922,4341
9038,7849
1518,5199
6785,6680
5674,4742
9457,1002
3331,2731
9242,9937
3071,9427
8954,2069
8610,8720
3490,8338
8086,49
3809,3689
6332,9458
1877,4776
515,8748
3955,1442
1472,2951
4968,359
5209,9536
2610,8866
5086,8225
4006,2839
8358,9628
9844,6492
1239,3413
7660,7622
5706,7153
2134,6826
7978,5860
8327,1462
8761,704
2328,6361
4142,1916
9598,8340
5125,9207
4895,4620
6508,6837
3357,5309
8642,8692
4764,893
7175,8063
4048,8682
4603,9998
5834,4935
9592,6749
358,7987
5884,2480
7217,4208
3232,1629
5418,2089
3463,3344
6263,9863
6027,4207
3193,6237
2377,8408
2017,9492
1694,4067
6225,674
3860,7229
1668,1788
6440,5402
1752,6809
7830,5812
4699,6512
6476,2131
2042,6417
3608,4280
8308,1844
8576,6507
4335,4330
9818,1060
1757,580
6762,3812
9272,4111
8159,5765
2539,1870
4089,6232
3059,527
1242,7620
8141,4060
7695,7712
5946,5048
4996,3693
7579,1855
9693,301
6936,8711
5605,731
7056,4876
3416,7200
1925,9745
3708,8638
5417,5050
5199,708
95,531
3192,5344
1419,8557
3947,1883
1917,3198
9623,9947
4903,9224
1026,4868
5884,6684
2564,3289
1905,2609
2456,9492
1097,3910
1720,6270
5926,4588
3272,3337
4637,379
6835,2647
8229,6098
1501,9319
3501,7236
7382,689
5653,3729
2667,7235
2257,1412
1937,3858
5999,9342
6055,9880
2529,26
5578,7732
9700,7869
4794,3932
9654,2425
2443,1310
2953,3216
3365,3764
7385,7061
7151,3087
3064,1824
20,9549
204,327
9322,6880
1380,7046
7611,5424
7645,3661
1567,2467
9078,6394
9542,4335
6051,2593
5158,3818
6253,1646
4415,4608
2930,5613
1958,1219
9558,511
3970,8092
2385,3432
4412,1549
3081,3984
5744,1974
7782,5712
5178,7436
5858,1334
23,5257
6101,8249
6595,3011
9473,4327
5800,9033
496,7741
5987,6982
6364,1598
2091,1441
1917,710
6732,1227
9961,4163
2142,5269
672,3042
108,9155
8327,4455
7538,1785
6170,5263
5276,8400
4263,2703
6017,1648
3595,6294
9755,9598
1124,495
4541,900
2112,3808
6102,3306
9853,4449
8302,1848
1043,5103
5616,6566
6409,1473
3578,803
3373,5196
9885,746
573,7536
5488,6614
4954,8502
9647,5420
7268,7762
5338,3924
1781,5148
5381,4928
242,6199
1644,2580
713,7113
2279,1549
7344,3583
6004,9171
8785,3837
1732,4071
6869,6838
4217,5276
3554,6709
1699,2612
7436,6617
4592,2597
3394,915
3532,7786
4166,9068
2772,1289
8073,4889
1643,509
2783,7962
3118,9648
6746,9301
5036,640
4857,1924
7486,7139
2283,9968
9738,9297
672,9492
4670,8226
1812,7641
5971,1115
1091,1894
1124,1619
8967,4006
4347,6006
4321,4797
489,3057
5792,1601
6141,5206
3683,1360
5415,2766
1828,7892
7388,7431
751,498
9051,9493
6395,637
5589,9652
4910,4267
2462,4398
465,9742
2488,6227
8013,9750
3288,5462
1084,4567
4434,1310
4351,8617
6052,7843
5460,2962
3984,6997
9750,3204
5961,8836
2402,2801
9872,6515
2108,8567
6718,3117
8819,8516
8868,4316
1854,91
1673,4838
1880,5565
3341,1545
6387,340
1187,7658
5043,1903
2733,496
9784,3528
8790,2268
3393,1290
524,6113
6967,5958
8694,3018
4296,12
6439,1776
5260,9814
5695,5832
1625,5753
6499,1434
27,3492
3158,533
7459,6267
3327,4832
8029,1814
1586,2331
3052,8318
3252,5671
1002,3633
5359,5715
522,2539
1042,7441
685,415
1109,8443
4097,6191
1149,4189
5901,3802
2812,9160
6078,9766
5487,2099
2552,4617
941,5143
1429,4607
3903,9902
6639,1658
5258,3245
5722,6053
4895,4090
3214,818
7809,8032
773,4701
8613,5522
1590,5346
7821,232
3336,7986
8154,8807
2731,1773
5306,905
2421,5232
4221,6245
1427,968
4880,2014
2657,5624
1868,4949
2013,1330
3664,6141
590,7009
3286,1955
4614,5184
2029,6397
3184,6138
1577,1348
159,9026
1867,9276
1463,7281
5716,9143
5912,476
1746,9936
1326,5921
545,1528
7041,8868
4828,2904
9204,8053
2291,5779
4578,7571
6271,5025
5785,1870
5633,722
3457,212
7926,6901
4667,3419
6875,975
4615,1890
7380,8157
5711,1491
6160,8127
2072,2984
9859,1658
4819,4000
4683,6895
2331,2462
1710,8956
6900,4185
8630,3302
8147,9299
9735,5246
9175,9944
2168,3216
4624,69
1277,8216
1160,8400
1408,5747
8763,138
102,4668
1077,305
7154,37
9173,4995
8356,2593
6407,7763
4076,2981
7229,9394
6209,693
7321,7243
5229,6898
5316,2362
751,8650
6598,1118
8932,6432
8512,5968
2585,7502
2225,6136
5693,3826
2246,858
2620,5461
7226,8336
2930,1893
6312,8671
8561,3952
7321,2707
1416,3236
3130,4471
6617,8003
2063,9028
1887,4187
5555,5053
4529,5410
3403,3595
2881,2212
2572,3935
2268,7856
7646,9377
905,6604
1998,2855
3021,2350
9027,1468
8233,9030
3963,3063
4892,6983
9049,8501
7761,549
3041,2720
4807,9316
2271,1507
5404,860
8277,8507
1116,3384
7773,6919
1925,3235
6387,6858
2651,3142
2818,7593
2420,9609
6342,5974
4259,5534
4163,8389
5148,4883
4302,9423
2508,6518
6094,1881
9386,8775
19,3898
5047,9101
3185,9618
4583,3886
8730,2142
3125,7325
8610,8725
5559,5410
8820,1456
1573,7380
4907,5141
6645,7041
6462,2025
5295,4613
7830,9258
3226,3799
6544,4059
6528,9908
7609,2366
5667,7874
1684,9045
516,7908
5587,7249
7415,8198
9727,5922
8729,4952
9447,1315
7840,8522
261,3636
7010,7223
1220,5405
6374,9145
6890,3325
6925,50
500,8311
1182,9876
1389,2980
7031,3174
7800,4199
2630,5032
6142,9158
3637,4454
583,4441
1826,6672
7230,6272
1234,2236
4316,6144
7029,5272
4586,2244
5328,2508
1419,7034
2151,8460
9448,562
1635,989
992,3511
2060,7380
185,1851
6853,7972
166,3856
6986,7327
5560,1431
4799,3710
6175,3534
7930,9816
129,4725
2507,199
3571,7952
7150,562
5737,977
909,4989
1307,8072
8335,3771
9509,2954
3554,6448
4208,9069
1663,912
8996,4276
9014,6787
7494,7699
2621,1630
9477,893
2897,7318
6695,9725
2087,5136
8411,9047
3658,6732
9488,5428
6797,322
4798,6559
2824,5386
5487,6663
4598,4767
1015,6684
7897,9867
947,1008
4455,3321
6325,2042
5056,1325
8208,8875
150,8603
3199,2093
4576,8153
6808,1436
7029,1988
9321,914
1815,8136
7766,2431
5327,4820
4599,3375
9762,5708
8521,7079
8312,6964
2872,4318
6485,3517
4380,5477
9520,585
3114,2823
2862,2113
3864,1175
5823,3469
3412,4059
539,5610
9213,2969
7979,4834
5290,3719
4641,8193
3345,6783
3712,1969
9311,266
355,5543
7053,7936
2247,772
1925,906
8942,2459
1093,7655
4878,3786
6095,3196
3010,6372
334,5117
3245,382
672,2261
6349,683
215,375
6121,7592
4983,6487
5428,8348
6910,2366
2508,3559
4579,8763
6440,5528
3780,7212
4394,1315
5728,8941
4485,465
3356,8994
3570,7808
4434,7091
1026,9786
7799,2080
6543,5700
6678,9353
3622,9734
5799,5064
2889,3826
7722,4851
6354,9087
1154,5077
7555,5415
2079,6002
2154,2593
1036,8790
3770,7525
2776,2526
9882,6030
107,3112
7179,6530
7956,3624
5468,7559
1533,6340
7609,88
5464,9042
9294,1651
7846,5180
7177,2424
1709,2361
7241,2083
4503,9838
6843,3020
5334,5755
1874,5433
3186,1752
4831,3030
7894,2285
980,4542
8830,9530
5672,3720
3465,3597
4871,1472
7534,1585
1299,5120
5700,9521
5947,1505
8536,887
6712,3235
8557,4687
5810,3401
9959,9532
5858,9484
2209,9871
8900,4557
5527,7937
2882,5637
2458,163
4711,4979
4017,5825
3399,9688
2982,5233
5898,1044
6197,5699
4982,1536
8067,9326
7837,5292
6072,8092
3349,9589
8941,3068
1660,4557
9381,2093
7672,2399
1228,5932
6212,3593
9309,2209
2493,7063
4394,7412
2898,5589
7900,5317
5997,8329
5869,1650
9653,7087
6118,1333
1175,2216
8798,6968
7200,4939
4454,5027
452,5600
6750,5643
4639,909
5476,8587
515,5111
3017,2687
5993,6776
5947,8294
3044,887
8385,8477
9126,7230
2141,5002
2624,8217
9268,8308
1119,1655
6306,2534
2901,4303
6811,8725
7291,5353
3714,7261
2209,8143
6623,3186
3802,8165
2129,8750
3965,1494
588,8015
2217,7041
302,7444
4789,310
2407,7728
4313,354
1538,5690
8028,8960
690,8478
8523,428
9323,8445
6453,9793
7108,6871
2190,7447
9069,1956
9163,7873
316,3832
6062,5349
6833,9009
2546,331
5987,930
1874,6629
4980,1984
9128,3458
6584,1420
9267,8436
6044,2993
7730,4455
1732,7403
1803,7621
5506,8063
2662,4145
4783,4333
9011,1217
1874,5481
4106,6895
5788,1449
279,696
1726,487
8924,2987
5588,3923
7009,8412
8072,5654
4727,7440
4110,1978
4413,7296
2499,1574
4192,308
4414,3208
5299,9247
7717,1600
4776,6522
8944,2985
8574,7998
7484,3435
8030,1576
2086,2059
4069,6535
2004,7612
2648,2117
2683,6917
381,8356
9688,8376
5529,3039
8477,5230
8768,8845
7297,9585
6613,2984
6943,174
7643,2934
8299,4493
8421,8155
8837,3230
7008,8124
8179,4947
8298,6586
132,4960
8890,7468
2177,3961
2566,3285
2571,1068
8234,2729
2836,7705
1180,9078
270,9273
3852,7670
4680,5805
4594,2604
1380,2377
7599,6104
5866,4224
1855,864
6739,6458
9725,9668
886,9763
9329,5472
9809,4418
3521,5441
4243,7394
447,5631
6524,6679
8625,2626
4992,187
6730,8159
6612,7178
124,5021
2631,2941
4267,881
6940,1647
2633,7475
5276,9229
7637,376
4717,8538
5197,4385
5438,5748
718,5684
8133,2795
7313,4418
9320,8512
2817,644
5594,9269
1259,9340
7449,8388
1049,6195
7314,3892
8089,3558
1415,4455
3473,8008
7464,2613
8552,8011
935,6295
4086,277
1956,4441
5950,2666
9767,2042
589,7163
2071,1599
9285,6633
5103,3840
3016,4272
3590,7762
1084,6916
8614,9599
4015,4128
8024,4501
4420,3943
3091,584
1505,5839
8567,7821
3711,3193
3225,6815
2363,8468
9739,6206
6272,9007
9489,899
2641,212
8882,9717
8856,5144
7996,4174
5310,4297
8815,1415
6255,6206
2334,4651
8753,4329
8626,8226
9664,7313
9817,8713
3249,5445
9225,1961
8004,4794
2885,2431
3618,9506
9300,2647
8845,6884
2983,2936
9887,5986
6140,8409
4409,7132
3428,3238
2396,7796
4821,5134
5135,6534
5145,884
7650,6427
1140,8245
9554,5996
2670,2790
8471,681
7036,1218
4167,8580
9901,5493
4145,8973
6154,1889
3709,1186
1464,8441
8160,1335
6628,2268
1319,1252
4160,7327
7818,9753
6291,2899
2268,542
9457,2051
2932,5929
8810,7428
1020,658
5190,3233
7515,2861
3590,1589
7578,7210
6584,5428
9755,511
4550,5616
8506,2999
5577,4457
727,7611
1851,6046
821,7819
1398,2608
849,3226
8600,9274
6236,6467
4298,2854
9304,162
1319,7285
4594,8497
8750,4607
2641,8249
962,9209
8935,4986
3381,2093
3352,8810
5177,4487
3227,6302
1826,8232
7086,6980
2227,7906
3662,4104
8552,9582
8457,76
5330,4459
7805,6213
4804,4776
5744,5148
9845,3378
1919,7386
4143,3013
4837,7769
1450,5518
6489,318
479,5983
5587,9092
3,3363
9545,6425
1256,2749
5623,1489
5056,5062
7230,1207
8207,3877
3674,7650
4529,7890
1879,7076
6803,3129
5766,4717
1216,8129
852,9819
5753,1513
3215,7935
2442,2749
3604,7541
308,1578
5462,8373
6378,9001
4151,9296
5006,4401
3639,21
2479,9507
5901,9075
827,5977
5671,2121
5357,1627
8534,6525
8465,883
1755,1549
5432,6376
9570,3406
4924,5153
5047,6234
6208,7878
9930,4745
5527,3244
6499,4866
4422,2998
6688,974
82,2821
5471,3518
8054,2365
2886,3876
2507,915
2252,7096
9360,9475
7179,8555
3613,9443
5204,8279
7736,3049
8032,7293
6687,3503
9887,7451
8360,2024
3179,2178
2612,2144
5589,7123
7788,1859
9508,9587
3094,7836
8906,688
5008,5511
1453,8514
1418,994
5138,5269
397,3596
4894,4584
9569,6029
9684,3110
688,6632
5063,8784
9657,6948
9489,3594
3961,8677
1473,105
5285,428
6397,6519
6493,3865
1876,9288
7900,8792
1398,7354
2231,5659
9749,6476
5440,8897
2067,9182
7065,1315
8597,9174
1722,9598
2822,4079
8394,5758
3491,3130
4082,7136
7140,2388
6264,7820
4869,2530
6035,71
7558,9397
7603,2102
5675,6877
6820,4523
6227,1224
8463,6463
2169,8145
6192,4416
8351,3996
1605,391
3087,6566
3081,8935
1204,7506
3549,3149
304,5809
5474,9131
8548,2875
5097,1497
998,4132
9286,883
5061,3787
8082,9566
7726,5608
395,1077
1356,5415
1855,7855
8567,8760
4106,1141
434,3253
1714,8938
2853,9799
2404,9201
6704,4239
7463,2259
3306,3162
963,4946
1176,4558
1012,3118
3646,9652
6292,8446
2250,6732
1821,5180
9636,1404
3608,3134
3612,6649
9961,2022
7361,2308
8631,9524
5861,1301
3656,914
482,9251
3746,7291
7181,744
8540,4576
6608,1475
2688,2330
4584,5597
8772,8809
644,6983
744,8252
9532,8810
8489,6278
5476,7432
3645,7601
8820,4965
8482,896
6650,6519
1679,6107
4638,7707
4586,8213
3588,4186
3285,7472
4337,7943
9898,3198
5419,9754
4299,397
7510,1089
4291,8466
1926,236
3132,1615
6321,8348
9510,6122
5617,9467
5411,9283
9164,6071
6169,7982
9100,3928
5950,5883
5922,4040
4767,6420
9896,405
7202,6279
6137,220
6659,283
3671,3866
120,24
31,6630
5098,725
3517,4746
5159,8073
3833,8453
8795,60
4027,4753
6920,6888
9675,2557
5155,8733
9561,5272
9115,751
7895,5788
3307,9522
9835,8147
6626,4875
373,4281
2777,5511
5376,8822
1716,9734
3874,3954
8801,2390
9407,9219
6559,6915
9644,3272
837,8682
1352,7396
5788,6533
7609,7248
7754,4984
2289,8863
8264,9892
7035,1243
7895,5004
5068,9915
2785,8464
6443,4875
5896,8318
7924,8782
3632,5830
8067,9014
4868,5109
9216,9771
4150,6227
6513,1299
2781,7528
9821,1021
4856,4519
1128,8910
9976,299
2209,843
7814,7876
5452,2716
6544,5622
9725,3948
1662,1693
1834,2434
4049,9192
3409,3147
4151,7825
3847,8747
3807,8790
8110,4033
6237,7163
5499,3482
5347,4346
9255,8520
5568,1470
6853,5933
1138,646
9394,1193
4589,4193
7050,8986
2953,2956
9959,8526
724,4413
9287,2633
1011,5033
5051,4770
5173,1375
2418,9799
7120,7383
5381,8684
1192,186
7598,7643
6245,8864
1727,3845
383,1534
7946,7104
8777,8654
7261,5120
7987,812
4938,4644
7794,6622
7552,7354
8934,4558
3169,8332
9219,868
6703,4523
647,7565
3584,4388
8203,5683
1936,4061
4176,9050
4931,4940
83,3347
972,6557
365,6884
1852,7720
9303,5123
8994,1602
6316,3298
2529,8871
735,4431
1065,3746
3465,7581
6643,7416
283,3966
1491,1151
9841,6060
206,2602
3205,8047
5350,9018
8450,3181
5562,2612
6903,911
4757,4858
526,2622
3168,816
9469,1848
4373,1144
5438,7958
7037,4614
1709,420
9992,5578
6563,5852
3163,3152
1657,6955
7033,6920
3200,7378
9066,1668
207,7252
2491,6194
9175,6955
8339,9967
1768,3417
2614,5409
4745,5043
1642,391
5979,6529
6198,7819
2990,4934
6090,5364
5391,9395
3139,7253
4230,3124
5764,8951
8406,6703
7075,4916
5144,2655
1167,3908
6044,4212
15,3832
7975,8158
9284,296
7262,7430
2919,8534
3104,6690
592,8126
5481,5497
8810,8640
2229,5362
8312,9777
3662,6193
4624,4573
5772,8848
5491,9985
5860,3722
7994,4836
7929,2728
4066,656
8509,2978
3883,8558
6202,5661
1040,9613
3160,821
7387,929
590,1062
2326,1046
8228,4821
2380,390
4841,4409
8095,4807
6316,7394
9042,9638
7315,3737
5150,1808
145,337
8314,5483
1807,2306
5475,2450
1875,8227
3192,9956
9497,1318
7461,8290
9816,7413
7206,7273
9924,7281
1853,1205
5917,6013
1092,7291
5148,1608
9630,7710
5203,2672
1800,1989
3393,7933
9943,443
9894,8886
3093,3799
5505,855
5656,2024
9840,3021
6240,5275
5293,9007
6203,9353
3649,996
9366,6711
4724,6687
7781,7234
3154,1695
7879,4498
9817,9404
908,6988
2089,1437
9736,8662
4444,2236
7754,3470
4146,5534
1070,405
1519,1917
6544,3575
1254,6158
2218,1023
2575,6286
7718,2260
3478,6830
1669,8748
1995,6574
4047,5917
4308,5922
2036,4924
9682,8547
5323,1514
400,8197
9065,4858
8700,221
7478,8416
6703,7127
694,2763
5464,1976
1711,9157
9430,9620
4924,7344
4563,7359
6176,6237
3811,1729
6358,2845
8634,4074
9050,1205
7169,5413
2165,4583
4688,7950
1975,816
1232,2259
5853,2939
2435,9283
8625,342
9576,3516
8464,9726
4943,6098
1530,3607
2079,8077
177,2185
9614,6005
6370,3591
8063,7425
3541,4456
1339,7529
2897,7841
8585,5735
9317,9285
6157,9731
1381,6071
6277,2719
775,1288
9261,1022
925,2201
1443,9040
766,1592
6136,549
6743,9443
6148,4040
9771,1870
1418,5665
3747,1878
4081,7629
9184,398
4846,3185
982,2485
4039,8874
7939,6482
1262,4612
3446,6752
5972,9895
3189,6624
919,587
8773,4
3018,5855
5419,167
3362,8039
2447,3905
3546,3430
2297,8790
6942,9039
1506,9394
8316,5848
2426,6694
9633,4908
8378,1482
8353,6768
4746,7911
4720,4232
8370,3900
9287,5308
8623,4861
140,1174
6152,993
638,7060
6905,9214
4654,5923
4545,4256
1792,1756
3627,7423
2093,2856
5883,636
7964,8319
8683,8781
6943,885
9069,3198
517,2754
6500,6178
8102,7265
1634,7068
4558,9020
1174,2046
5106,2176
9514,6460
6556,4146
9902,9022
8943,706
3846,6543
2507,3702
2518,5164
1334,5265
5182,4907
1059,3617
4832,2901
3739,7202
9458,949
9079,4418
7167,9535
4871,3096
2356,5502
6445,82
6138,1600
2213,5400
4095,4284
6470,3122
2366,6437
9864,8446
8341,4048
9635,3163
825,3530
6535,6013
4300,6338
8610,3730
1998,7929
1773,7921
6210,4079
172,1508
5327,8665
5678,7546
1558,3926
5738,1893
1954,3144
8079,2451
7653,266
3301,8478
3714,2787
4565,3692
2679,7371
601,8861
681,6026
8898,4047
3089,1813
7047,4260
2458,684
6632,5975
9442,2296
3964,2621
3925,484
8342,6573
7976,9188
2053,3547
1949,4969
5305,1129
1454,2493
477,932
7899,8012
6086,4117
6114,6497
3822,9860
3075,5726
9898,6627
5085,9449
1466,2745
6869,1559
6970,3726
9011,7873
6482,8548
1813,8569
4733,4663
9936,8566
4999,8085
6085,5107
1862,3525
3171,8686
6321,26
9680,4568
1743,2877
5003,619
5899,5328
3529,9609
5911,7325
8818,5396
4984,4891
779,6389
5506,2888
5595,2254
8289,417
5608,2404
6986,6894
683,9402
6400,3397
1656,6294
8231,5808
9630,6105
8042,5141
1211,5031
1013,6690
3817,2070
9465,7733
151,7054
9059,1846
20,5005
5592,4743
2182,8953
5991,4715
7064,3235
4063,5718
5678,5724
6438,8957
3159,8453
6924,1006
2103,5175
6485,860
1887,5477
8135,8225
7388,897
8822,5933
5899,6537
332,6733
405,5693
321,5635
9579,1432
2989,5089
1733,5908
6531,6536
8486,186
7840,9630
7047,259
6333,9846
1389,4755
3845,2051
9520,781
6540,9244
4329,8759
1446,3602
6277,7052
7648,2068
40,2451
4290,8882
7697,9493
3966,9084
6292,3287
7378,1732
9257,9888
6321,5392
4564,7858
4563,2206
73,4672
9092,1790
2457,5466
334,1265
5530,5997
7397,2548
6920,6134
3907,6984
4285,6644
21,7247
1279,6667
7848,5500
7945,8307
6532,4299
5704,7065
4855,4649
9538,9650
2246,2426
3518,6397
8684,3800
8021,2438
778,8271
3004,5242
4618,9321
3843,4823
65,2344
6855,9554
4851,8757
420,5879
4641,9751
869,3344
5358,5531
8513,983
1218,2337
1647,3607
9555,4636
1272,1650
9504,1234
9214,8019
5556,1217
7298,3254
6923,9447
4798,5872
250,7781
9766,8227
1375,3514
7357,1707
7654,7925
6012,9940
7591,8433
3931,4367
3574,2472
1609,3842
3646,887
1696,4304
7254,8271
9503,3072
6241,6287
3088,1021
9580,2098
9006,2128
5343,3320
9239,9265
1716,1836
9820,4565
3011,1473
882,4692
2223,7721
3804,4331
5059,1390
7484,4350
1351,4642
9192,6315
6153,8288
5309,4124
1920,2470
3309,3576
2993,9899
7684,4615
5021,8170
5474,4267
2819,238
679,6903
2429,3959
4520,7833
4464,4577
6388,3802
7216,2998
4863,8453
4139,7364
1324,729
4514,1872
3426,5342
806,5981
7594,2466
6780,6861
2682,879
5891,8200
2088,1130
6486,8696
2457,7622
8218,5444
2466,4808
495,4963
8710,2407
1262,834
2285,5158
2794,2979
5256,2011
1574,9417
5374,2742
6390,1456
1199,7923
5035,1762
3065,2221
6148,5957
958,9386
6478,930
4009,4771
2020,7587
1118,1665
5291,493
8543,8305
481,7210
109,3944
6672,8828
45,994
1113,9750
7115,9136
2104,7950
5494,6168
6696,5305
9908,7988
6016,9663
4997,4961
2284,6999
9356,5090
3332,9383
6905,5996
9914,6270
4027,2655
8220,6588
5475,1289
2374,6567
8355,9272
4155,3610
9221,8322
8629,5927
8756,4600
317,6
4193,5465
9050,1308
1453,7326
4609,8782
47,4582
7653,4017
1170,6413
5336,7328
1655,947
858,1062
9643,2447
7086,5889
682,5614
1735,1469
1210,7355
1811,3005
9597,1997
3525,8940
9557,9303
7304,2212
9890,2163
2648,4069
9776,5617
3282,8730
8950,9707
176,6687
8101,5605
8883,4515
9829,7350
1535,203
6391,182
9185,7598
8417,1774
1924,7414
6263,9629
6489,9574
3818,8683
5421,2061
9911,2123
8192,1074
1051,49
1097,9017
5217,5940
396,9056
6904,6255
513,4278
5154,6321
5785,1
7085,1137
7905,8547
2114,7565
5491,8879
2012,8297
1326,3880
7813,4367
9952,9133
7005,8350
5771,1881
738,8216
1570,6713
2208,2382
7552,1213
3236,9274
4188,1134
6017,8168
9300,7412
5572,2342
7349,4889
1926,920
6430,6379
4200,7830
8524,7569
9005,9076
2086,2026
6087,1991
3432,1981
7458,1103
7676,9778
2853,1231
7571,3129
6144,7285
6995,1896
2663,658
3621,66
2462,5601
1924,583
3075,5697
6626,553
2219,3173
1385,7943
4056,8876
2717,8143
6457,8771
5306,5896
3214,168
8394,2060
8493,9991
5282,1543
8691,3020
5105,1565
8595,2747
8819,2538
5128,2956
1181,7197
287,9259
1575,2658
5683,5445
6231,2251
3923,6646
1982,2581
8811,9857
8122,1552
4594,2142
4660,8765
3208,9566
411,7
9468,2834
6696,53
9030,512
7484,8876
9647,142
9825,6201
6514,9834
9230,7829
5598,2553
2336,6242
5325,4918
9579,3194
7178,3802
6916,3744
6085,5368
6063,1312
6899,814
1291,3614
9247,385
4501,110
5889,7681
2974,5993
8925,5685
7496,7877
9066,6138
3542,1927
7558,8830
7613,7663
4757,6063
1869,9818
2037,9877
9563,7889
7095,9540
2146,6114
5700,2077
5807,9120
5002,1995
9001,9195
9919,3320
525,3949
9905,4592
6938,8694
6382,5476
4215,5890
1842,8653
2458,4610
4594,1359
7931,3188
8540,3344
3033,8804
2785,2934
5256,5998
5921,8788
8189,8417
8835,486
9713,5780
7547,7710
1235,7110
7086,4169
832,5836
5007,672
5222,5926
4640,2162
7528,710
5978,7392
3205,392
2723,22
4492,6088
7476,5394
1610,5183
1551,2915
4008,5292
1,9316
6002,5774
9781,9470
1397,5871
6265,1448
4067,1489
6067,8469
9143,505
244,9531
2986,6019
8665,6216
1372,252
559,8642
3710,5495
8105,5119
2240,3469
7947,5124
4656,6705
6085,9328
4724,1947
8391,6150
7080,2348
1307,6813
1273,4559
1617,1212
799,4755
9543,4476
6938,6521
9983,7422
9341,759
7955,1575
6875,1451
5210,449
4318,1594
8014,7747
6342,1520
6297,9152
5145,5573
8182,7082
7939,1714
9109,9776
449,1882
6185,544
2756,9769
1904,6918
6558,7304
5408,2215
6937,3584
8676,698
9404,3821
2083,3530
3940,4485
5061,6568
9410,104
99,6240
6553,9642
6913,2495
9766,5480
6071,6764
9299,3736
4152,8475
2575,1532
503,1520
8530,5399
4711,589
9519,9072
4953,890
8232,2546
6461,2564
4073,9856
3391,3467
9137,8958
2870,2664
2971,1317
3985,7302
3500,9458
9380,4376
5502,6691
2316,2899
7632,4254
2072,7884
7470,8603
9609,6459
4938,8313
7070,1282
8873,4407
7675,6301
4991,625
5300,8417
7497,5911
8030,4095
6515,6446
2826,4676
3192,8831
7405,3362
820,4696
228,5450
8992,3425
6346,5995
9511,6826
5369,9180
8455,8706
6276,4578
2219,9
4290,8275
3910,5833
6898,6169
6140,9162
4192,4792
3919,6412
870,2186
4566,1719
6557,5987
2776,1489
5586,9811
2431,8184
881,5046
8023,8744
5634,9827
7732,4844
1861,414
6500,2856
7231,7174
3291,8218
5846,4570
2854,8522
237,6498
6517,9044
4320,4333
4544,4576
7049,9109
8934,9948
9633,7160
8034,8558
6401,79
5126,9809
7054,9018
154,1794
4808,6175
4881,9107
8658,3983
1078,2139
1876,4161
2469,2188
8970,9203
4992,7625
9867,4325
5861,3780
3431,1729
5081,6194
1352,2493
9483,7043
8528,7331
88,4028
9478,1234
5202,5734
8123,1618
8440,5987
9652,6932
5146,1242
835,4450
5097,8575
1998,9754
2353,278
7587,3424
5676,1005
4667,8098
244,1425
3754,6550
8730,9446
1082,6562
3884,8225
8114,5669
2911,8142
1688,3889
5361,8572
7734,6111
2049,5003
7284,4764
6371,725
3933,3716
258,7908
8314,6098
6916,4702
591,5375
2044,3517
2506,2219
394,1474
5467,1909
3587,3464
4015,1486
3822,3194
5270,3542
9630,5535
6498,8742
3754,3409
833,3958
2500,9504
2308,2319
7890,333
9213,2549
675,2089
5363,6824
1367,5067
9217,1601
5045,4234
9947,7838
1331,36
5615,3383
5682,7460
8258,8962
9944,738
448,9998
357,6914
1352,8993
995,3205
7021,421
9461,9098
1246,1192
7180,261
9077,6960
2515,4356
5740,1118
3335,699
6554,3839
1425,1858
5887,5751
8440,130
3998,3395
3526,8104
7721,1990
9543,67
1350,9189
6657,3377
125,3730
5138,675
7113,9369
9825,5493
6849,8259
7208,3897
5017,9668
5377,5326
3709,1623
3423,3309
6102,9395
385,554
7395,3258
5986,9813
8604,687
4840,7342
3554,2485
7984,5013
126,7502
9162,8381
1524,4969
9008,3718
8524,5091
6831,2567
6957,8868
6073,4765
2352,9336
3316,1874
3269,8469
1848,5414
925,9056
5056,2230
9802,9111
5663,4920
4968,7502
9303,1988
6489,7088
7457,471
1441,6039
5075,1961
1250,9409
4882,866
8106,6853
5688,8421
3465,8603
4238,5403
7153,6245
6598,5343
4798,2925
789,3185
9146,9413
2831,7982
270,8501
1807,9696
4956,437
5531,3703
8560,4431
129,8771
5929,4753
5435,1599
963,3499
8566,4942
9273,282
3087,8920
4919,115
907,6966
8019,9210
5465,2845
9181,8365
8813,6192
2546,2688
3259,6606
5789,3126
5991,530
2093,1870
7301,654
815,8599
6538,8031
4568,8348
4710,2881
9953,7517
427,2095
8261,5972
293,8003
8568,9030
5021,2108
6906,6594
3111,2489
7355,593
6236,3149
3052,5412
4270,9887
4676,7072
4231,4147
9612,3445
2889,7462
4704,8595
9331,4682
9701,8755
7627,7793
5013,7576
9388,8846
5704,5046
2102,3892
5423,4797
1045,2777
2207,215
2872,7295
9608,8462
3750,5224
3802,58
6398,5975
4268,3551
8698,1767
8841,4552
145,2450
5826,8616
8632,2338
8535,4638
5600,1634
6757,2813
2954,666
1035,2425
8361,2167
7323,1003
6052,2373
471,1369
48,7081
3162,3580
1373,9989
7969,8548
2559,8596
3343,8882
3620,6446
8558,9097
3690,1466
2680,4465
8202,4703
4056,4471
8143,2264
5322,7547
3880,3979
5394,6883
3695,1898
9228,5166
7144,9276
2719,2831
4202,6530
9669,7843
8644,1685
7517,2364
6357,4259
8163,2145
2109,97
4520,330
5361,9550
6136,2334
7009,4105
6042,8900
2693,2094
2363,1049
4666,2948
8010,1138
7826,6616
9527,2814
8417,2034
1127,5680
6835,5351
460,3674
9965,1571
2896,7191
3283,9506
2666,329
7534,9937
7611,2481
600,8446
8482,4925
5677,5639
6455,7496
5609,61
9690,4209
6897,7733
5826,8028
5622,9073
1493,4723
2325,4005
3017,6381
9259,999
5650,2588
8945,9949
2037,6835
1537,4010
8164,8019
4689,2046
1805,8861
6650,3403
2,4720
4853,9441
1949,7551
2183,8930
7249,1658
2333,9049
5626,6598
5719,5911
2016,4529
7830,3207
1277,3668
9866,8535
7163,5567
2672,3401
1568,8889
1858,4621
1182,336
4388,499
1751,2215
7302,3050
7138,192
7168,8585
4435,9859
2802,7395
3614,5861
4697,6054
1469,4258
6316,4450
1071,8520
1177,4384
3443,485
7831,19
2260,745
6334,3120
4204,4551
4313,8641
2253,2406
9531,6609
679,6894
6854,9884
53,2694
7350,4045
2823,286
3641,6579
6190,4253
7983,9895
5496,841
884,6714
2331,5451
3382,6444
760,5170
5893,9147
7482,9916
7810,4268
8785,6449
7353,5731
9843,1648
4015,4748
8260,2862
8350,2776
4759,3552
6964,4293
4745,4425
9624,584
4318,6582
1937,7460
8039,5409
6069,8899
4442,7091
5941,7736
7848,6053
7282,1062
7995,4796
8292,7894
9771,3053
9577,5721
6774,313
4835,1401
8825,256
3576,2308
5637,564
138,5698
7982,5172
4886,8046
5157,3244
5096,5220
7493,611
2260,9586
3842,7135
2474,6029
8707,4700
4065,5259
2286,1018
4001,3096
8732,8813
4557,6268
9489,9845
5808,9944
8905,9459
9309,2600
581,7830
8114,7088
6454,4267
8273,7767
4906,5771
289,1461
2582,1960
9530,4706
7895,6619
2691,1051
9506,7740
3212,7476
4722,4304
267,9735
2854,288
4976,9348
334,3261
8042,8689
3283,4454
8320,236
6806,9113
1615,1984
3373,9151
1306,5641
9120,3623
6597,1249
8963,4253
372,56
4754,4827
710,1639
2025,4493
5787,6306
7002,3862
24,279
1262,8528
3356,2531
4001,8663
2178,6689
9107,5001
4219,9666
2765,8735
7881,3643
3829,610
3086,8229
7823,4781
8479,5143
8708,7098
1236,4859
6259,3022
2992,5473
6088,8703
1071,985
3112,4628
1954,9026
8906,1589
1392,1825
6393,1307
3431,8274
2072,6314
8369,3423
6885,1632
5074,5329
2463,2878
3845,7278
7703,3708
1611,2627
3021,3990
6949,5429
6432,7697
4869,5167
9170,3356
2379,4135
9020,3511
6595,1668
5959,3045
2654,3783
4290,6220
1360,5369
7439,1884
6256,1254
3145,8907
4938,2537
440,7991
2467,8920
7478,857
2979,642
1804,6364
4839,6122
9554,593
676,3458
5553,3946
4374,5447
540,9688
4126,3641
6767,4998
5569,9753
1777,2604
1495,7548
8456,5393
5519,8791
1617,1063
8525,253
7897,4655
3314,1738
6330,7720
7048,8484
5016,7084
7968,4439
8747,1049
9594,8620
132,7246
5449,7155
91,748
1423,3132
1856,437
8959,1551
4125,5795
1773,3253
4968,7108
6418,9877
6413,718
5695,4715
1366,7144
5222,1780
3212,3837
3212,5996
9206,6942
133,4329
1159,652
7429,921
6868,7485
2842,1174
1340,6904
8606,6309
5626,937
7904,348
8822,9483
3471,4470
3021,6791
2208,3804
8226,7993
8483,1378
1801,4073
1639,5131
3063,2243
981,998
4928,7065
6237,924
1261,714
9281,9476
274,1471
947,8239
2640,7211
1841,7041
6158,5525
5369,2316
8625,8607
8856,2740
260,5620
1105,2318
6672,6074
9982,4371
4831,7258
3241,5498
4174,433
4652,3774
2660,3676
8659,3369
9934,2782
5911,8836
8717,2048
4992,921
1675,9858
3399,951
4821,4481
1376,503
9794,2161
4449,2813
5614,3849
5394,735
9201,1700
1258,7319
6213,5712
5163,9565
4456,5305
1456,6928
7479,9904
387,9118
4280,3929
4744,1218
9415,8738
4530,9727
3415,2502
2975,7355
7410,3474
4164,1799
5477,9040
2982,7168
8609,8442
3658,2295
7040,5697
7382,5896
437,206
3881,6620
671,1257
6439,8101
2516,744
58,8455
1899,1909
3293,4210
5066,3179
6652,3158
562,4552
3762,2939
6980,1203
1882,5744
4227,7710
3202,2672
1606,4601
1427,3834
1357,52
6507,6778
9384,8259
7715,4424
1241,4911
3110,8086
3748,7219
8974,7312
9818,1479
4304,4344
6115,9766
1831,4513
2735,9263
2691,2203
2459,7474
4004,3079
1945,1668
558,864
9418,1001
8082,9359
7333,5031
9947,1225
2159,8796
6214,7370
4880,3917
6213,7615
9733,8503
7505,4140
1728,3720
4881,821
4644,8599
5626,5407
3220,334
117,334
2146,2431
3352,5761
2087,4965
762,9796
3289,7255
9896,8769
9232,5979
6211,8058
2180,6097
2397,5347
3213,3242
7248,248
3084,5648
9162,7505
1448,8038
8925,2868
8434,427
2326,7903
9496,197
1633,1895
7454,9077
528,1490
9380,3114
472,5123
8338,5149
3010,8696
4688,677
3498,5536
5086,3148
7379,9912
362,4156
7128,3484
6539,9464
9878,5633
9433,5923
9201,9640
773,3671
7265,1115
5390,8698
9857,5908
8689,3282
7631,9046
3500,2946
3528,8554
965,7725
1484,7583
2199,2216
6867,8337
2135,8810
125,4993
7714,588
1991,7084
8274,4543
7309,3573
2512,5082
4277,590
6766,9429
6429,9063
2985,3442
6588,3207
5192,4285
4737,7643
4509,4472
5688,1788
7742,9539
1100,5486
5946,9459
527,2635
1254,6099
3216,1983
2471,2993
2912,888
9620,4284
5970,8958
3369,9657
5104,5315
9801,8079
5051,9043
2770,2828
338,8338
7112,5879
951,9493
5852,9080
1455,7295
9967,8485
1673,9447
2753,8775
2919,9059
4166,1618
2995,3238
4403,3247
6099,5385
8403,6170
5954,3847
3244,4881
6628,7328
7813,5542
4320,2015
2068,5636
3747,6472
4634,7848
7765,8737
5529,1788
784,6491
6294,9213
8494,6100
2643,1802
9814,9389
4931,9585
6445,9667
5142,7781
7811,9566
2592,1058
443,7544
7147,7719
9784,6657
1505,7902
9025,8025
7463,9195
7677,3799
2953,1175
3377,212
2021,8652
3130,7658
3281,4971
4341,2069
1457,6428
224,5333
6803,6604
2469,300
6129,9793
397,6718
3005,9920
2196,9755
921,2601
8782,875
3669,1811
1558,5910
7013,7958
7249,9293
4324,498
4312,5827
7468,9754
3275,8147
637,6947
1025,8030
5794,9209
7741,5360
7684,7294
873,5964
6079,1093
2038,4160
4521,7769
7901,1687
7361,7866
9912,6270
4856,3755
5519,4975
3304,9193
6903,8576
7564,5250
7156,5338
4946,9193
1489,5324
6078,3614
6642,1967
887,7543
2513,7857
7846,2387
6229,3454
3328,1277
1487,385
7368,3919
9219,9145
9994,8490
863,5115
8883,2489
3829,1541
7856,3037
5669,1148
5172,5197
7448,416
2157,7376
5814,7244
9012,5270
9872,5799
6456,2574
545,2138
9395,7265
8055,2668
7197,7754
9354,6969
5482,7225
5629,1268
6642,3710
8441,4866
6348,4646
7956,2122
5238,7785
940,7387
5609,6695
2830,4089
9303,4815
1927,9062
9211,7452
3632,8851
3724,3512
7289,8911
48,5976
8988,9561
6161,3401
4926,2141
2161,397
519,2270
9444,6192
6938,3155
5118,5257
7532,2400
3798,4018
2262,9561
8425,7878
4151,5209
384,9450
3997,3537
5294,9684
6581,7295
8261,578
611,7480
7438,532
9528,4999
1696,9359
5941,8356
493,7587
1648,6579
4281,1134
7729,6867
5004,4760
7465,9404
2263,5126
9472,706
5256,4889
4546,4776
1599,9510
8211,437
5988,7737
4257,3572
2668,768
5767,4749
3323,7266
1384,7997
9320,6168
2073,3728
9611,9985
5383,845
3111,1769
3627,1901
9812,5954
7908,7859
9651,4957
3469,1182
4882,7328
1614,2816
7290,1469
3358,8728
2729,3356
1703,8660
1392,4868
5819,7778
2912,4991
9250,9858
193,9436
697,5055
7491,9880
4517,3979
144,239
343,685
7497,9496
2599,4630
8319,2585
5968,205
5045,9836
1909,802
2573,5481
1474,1114
7824,2115
3826,6796
8095,6119
7306,3173
9312,6553
9379,2387
1538,2662
8183,8057
4559,7440
2241,7076
9888,6623
8857,7709
5901,2761
8760,6387
604,8750
5757,86
2582,5212
4752,1005
8112,3966
1386,7668
5195,4988
1724,6818
2393,8847
3821,9869
3980,6723
2435,8641
5671,1146
8130,8104
1403,2902
8487,2365
2900,7180
6920,4973
8298,7186
5325,4823
7521,7754
5302,6266
1483,9529
5888,1705
2429,5915
22,9383
1534,4216
5912,2871
1678,4375
7340,259
7815,5464
5481,3228
6518,1172
1323,6194
2865,2819
3958,7841
4311,2582
3373,7136
4276,8102
475,3493
5167,853
2660,1108
3046,3819
5963,662
5523,7181
9415,1758
3669,3393
8460,1390
92,5616
1059,3311
2472,2112
2792,4027
3289,3737
7061,7712
566,3431
8066,4919
647,3579
4714,2853
5047,5511
2774,4061
8722,2184
3054,7423
6422,4837
9777,8282
9455,233
7531,5355
2127,3429
767,8898
424,3559
2585,4271
7753,3978
2659,1754
5030,1659
5472,5376
1896,8525
7474,7325
2970,3439
3967,6966
7932,8708
7131,8815
2664,5106
4147,4295
1738,9635
5902,9367
3311,5438
9567,6729
2801,7546
1662,641
1869,8859
2235,3454
8114,6280
4251,6606
4246,5860
6763,6843
3045,3448
3716,7702
690,886
5685,8087
31,9762
1106,9441
5873,6734
6293,5975
2050,2296
2417,5694
2105,8116
7692,10
4239,1662
5388,1972
2344,5645
4907,3828
4928,5420
8815,5305
8974,6546
828,9805
7527,7322
8383,5069
7857,6389
9324,9831
2531,5102
6274,3992
3327,1732
2765,9324
3153,7838
4680,3602
8565,484
8149,8601
4569,165
1035,5601
3161,6761
647,5511
9399,1369
2527,4828
7228,4226
1061,8970
9932,9699
8960,5846
7765,7908
3279,5134
4811,6073
5182,4247
4828,3626
6178,1824
6370,4850
7240,3861
617,2629
3287,1350
8550,8691
1387,1113
3531,5970
4753,9871
1975,8336
768,3134
8906,6053
4893,2295
9410,6326
3475,4184
6142,7538
5880,9441
7356,6781
1518,4424
5351,361
7399,6191
7113,3211
8036,6886
9134,188
23,5647
3631,1572
8213,5169
657,2195
2451,1234
1336,1429
9793,8672
7156,167
6789,679
5886,3533
6649,6247
7059,8556
5830,5390
5019,2047
7360,4301
2326,2283
1734,9934
1628,1890
6764,6181
8458,864
8201,7657
6896,5171
5863,7261
9619,9567
8928,1507
8055,4175
3814,4446
9752,8824
7327,2789
1385,6950
2467,3721
860,4093
8900,3872
811,6954
4326,9811
6510,8850
4171,6834
4555,6071
4524,2700
9447,7148
9981,8815
7329,4438
5956,1261
6072,4967
6940,2924
452,366
6860,3958
5627,7535
8161,8866
2191,2489
5034,255
2134,281
8679,9532
6666,2581
5154,5608
2817,7866
9496,870
1933,6295
7008,8710
8891,3913
8938,902
5935,1106
3291,2287
6381,9916
6222,1612
7224,3323
9974,8210
1961,8195
4420,5606
1733,8298
2103,3578
6160,5154
6416,4164
4332,6912
3714,6921
135,9252
4701,7149
5498,4649
1736,6867
6672,4084
9763,887
3755,3500
1182,6693
3504,2005
8574,4441
2197,9611
8225,6292
1065,7345
168,8136
8803,375
6981,6255
1633,2565
8406,6816
7230,7088
4284,9382
5668,8529
5729,1756
9003,4033
8148,5033
266,3959
7172,1335
3372,1394
2258,9341
1081,1880
7904,5023
1629,6097
4003,6209
9170,9838
8348,1114
208,2778
1597,6739
6574,983
404,3016
6809,4847
4823,2888
2654,4164
166,2163
5819,6413
2409,7131
3342,204
477,4062
5140,1626
7242,317
928,133
5097,2256
1324,5421
4668,9862
3021,434
1408,6084
5547,3401
6837,1844
478,3147
6055,4289
7302,6975
1273,7924
583,2619
9831,4417
4735,886
6507,5798
1698,3690
5229,4543
28,2995
5831,8531
348,9393
9351,7611
3722,1339
8174,4847
5992,8496
850,3930
5046,3558
2614,2241
8230,1541
730,4232
1500,8811
2733,4807
1380,8335
345,1832
3565,3157
2048,9437
2549,6760
4799,7523
4845,7177
8292,401
2303,5441
317,5597
362,4245
785,7986
8465,5742
2567,6013
530,1564
7530,8451
3721,5244
1767,5167
8551,3969
8322,5352
635,7715
2245,988
1998,3768
1882,7796
3570,461
8835,2090
4398,3385
4131,209
4764,3802
3681,2240
4181,6046
2610,944
5782,5406
149,7955
1843,2589
4097,1891
2369,7378
640,3617
1133,9814
2568,2433
6571,9844
3628,7044
9194,8055
8539,3273
968,2892
8046,5884
1599,9977
1775,6906
6116,4825
1134,74
1103,3068
1053,1435
8186,198
502,7587
1510,2908
2241,2747
5912,3263
2927,7542
3574,5031
943,9738
2052,7043
2587,4315
6176,9630
697,6413
5589,5401
2253,1326
2157,4193
506,2151
4259,3043
5643,9903
221,2064
9159,1542
8996,9938
6163,7521
7126,7703
3938,3930
1395,4273
6051,5620
3579,1081
9516,6241
1156,503
3021,190
2525,4021
8818,4406
5429,1238
8892,9748
3898,8331
9024,7974
4912,670
2628,8349
7330,5227
9024,5375
6422,5322
4350,4081
4355,699
3351,6123
3768,8909
8980,9336
5603,3968
9240,6578
4088,814
3733,2605
5398,4492
4573,4730
897,7565
6563,3569
2935,6775
4580,6091
3761,6755
5300,7264
7330,7717
7460,6850
4927,6849
9720,8745
2926,3716
4431,6417
4067,5434
8195,8959
7090,5274
1206,9395
8520,2990
587,6019
1865,9152
5672,9861
6601,1008
4858,3894
3724,440
6706,8231
2202,8268
9443,4721
2382,8242
7233,5459
4825,7240
2224,6114
4578,2731
5382,446
6461,6383
4574,8200
8431,4233
6111,2856
9546,8160
9108,8013
78,2637
3246,5979
4553,307
118,9068
5776,8327
5174,9322
208,895
9453,7205
6058,6341
1370,4437
4896,1487
953,9308
755,6749
4508,6448
4750,591
7309,569
8250,9308
8758,9544
7755,5412
3929,5670
383,5019
9877,6070
1146,7450
9588,6215
3307,3929
876,1316
4970,8738
6518,2152
4158,2409
8221,4067
7170,3919
8588,1207
5923,3731
8396,3398
714,9028
2462,9488
1177,3153
7963,9699
577,6978
7874,5954
4200,1968
900,6542
9270,4301
7444,8564
1273,3638
3875,9032
1737,8415
3808,8412
8823,4229
8701,5563
6899,4988
2381,4274
5604,4346
8360,1372
1176,1717
4357,1662
401,2318
6717,2781
8127,999
1474,7493
7174,7694
9438,833
1013,4751
2432,4866
3532,9236
5011,6903
939,4041
28,1663
2991,9986
7322,5057
4905,3929
6326,9245
9430,7234
1925,4352
2075,6430
2475,1589
2826,7964
6737,5941
7517,1179
9388,1074
7036,5807
4524,8153
7331,4383
7028,140
532,1775
824,2674
434,51
1882,3070
2934,9369
1695,5202
6925,6997
1710,5487
3676,4285
2268,594
8567,5397
8154,8320
1004,9738
8640,1823
9693,4356
2739,6819
8373,8954
6516,4919
4761,7578
496,2931
5019,7294
2782,4721
107,7980
2704,8712
9542,603
8301,3241
7827,1066
2839,8834
519,9662
7193,6412
6385,5940
287,3423
3980,8588
2407,380
6466,3422
8403,8890
5463,2267
8945,8172
6250,2926
1970,5275
3917,4104
9941,4851
2840,3201
343,1889
4316,4111
9010,5194
8671,9615
546,8461
7934,8562
9611,1666
7376,5917
8786,4380
2041,7513
4093,9361
3949,9431
6489,7730
870,8452
910,3703
6128,1123
7718,5758
7458,6875
9550,2624
6268,1195
7391,3387
112,2266
4637,5906
3776,4131
3005,303
9285,8904
240,9250
3238,3241
3185,6778
6498,1160
3511,6126
4824,6474
2055,2714
408,4737
1932,244
4858,2257
1241,6085
5521,2598
3461,6463
7323,7632
2044,1460
4972,6382
7668,878
3614,1800
1857,3003
4147,483
22,714
3825,7807
9812,8352
6870,7174
430,9960
2151,4109
7618,7084
6446,2096
5009,6297
686,8740
8350,2069
836,7981
1196,7369
9806,5593
6587,2133
3821,467
8492,2616
8235,4257
9049,5689
1158,6793
6249,7609
9515,6208
4407,7140
1785,9155
2447,7062
4340,4731
125,3049
6650,8344
4885,8350
7415,1832
2773,3113
9098,8072
9735,5904
4760,3444
7725,6181
3249,5002
2077,8678
5535,7591
7577,8502
8170,8912
2439,3823
9233,1649
8808,637
9064,2283
3071,4910
814,8025
3641,3764
2731,8039
3328,6842
7208,921
1030,5718
5568,4249
5057,6898
4437,8174
7264,5822
4753,6010
1521,4097
8184,6690
4832,4852
6421,3724
8030,8447
1012,3027
3422,6679
903,3604
5536,207
6470,5238
1869,7361
3639,6034
4045,191
2433,1290
7556,7452
9780,6966
9943,6930
7980,1944
3294,3333
6731,5304
9322,2638
6353,647
3649,2076
4037,7394
4859,8102
4378,2127
9097,8609
1480,2208
2250,9849
493,5556
9897,1858
7719,9699
8299,4626
2507,7875
914,3948
4102,6595
2926,4680
2772,9387
8489,8013
1439,2189
501,9468
2285,6708
5318,1737
86,3013
2428,6128
1613,8173
98,7015
8515,6766
6214,267
9109,6236
181,8850
8303,5222
8391,636
1833,8492
9481,4998
4865,1449
2077,1386
3127,1206
7004,6958
7888,349
3072,9149
793,4857
2458,7964
2655,1994
9668,6314
9070,970
9748,8673
2849,2231
8415,6194
7475,7529
9813,3284
3176,4328
5352,7184
374,7608
8933,4569
2519,3445
2694,7996
8494,3759
710,1300
3424,4999
2657,7104
5941,6232
8314,1955
3444,7316
4429,719
3451,703
7606,3626
6472,8804
9953,4897
1675,8621
6448,6424
4592,2820
5929,5961
6161,6913
6109,331
9091,2284
2545,1348
3049,9822
1140,4506
71,468
5449,8174
6903,2744
8536,7558
1912,4295
4317,7278
5893,9323
2344,7781
1877,345
3512,1049
4400,2556
8645,7624
9052,8441
7849,5369
2674,549
3760,7147
3692,6920
6404,4134
9227,310
6157,8444
1531,1015
1533,1526
9816,4036
9359,4928
3199,1268
8590,6506
7205,652
7388,792
2627,9098
4384,5013
8740,5784
3932,6053
3144,2055
3412,535
5995,7341
8049,623
2957,7102
882,513
8807,7417
9260,3703
192,8445
7225,6658
4500,7450
93,1839
6191,475
2655,3383
2612,6802
4308,386
1927,8323
8685,2714
875,5071
8134,2549
39,657
716,7236
1084,1292
986,9665
8831,68
4764,1598
7454,3417
661,2850
7111,3558
9481,7854
3179,1495
1465,5356
4890,9624
9432,9496
5950,8619
6668,6919
2366,2967
6377,3464
448,7852
5444,9661
3239,161
3118,8236
2399,8567
8565,8148
3710,9947
3237,1024
4065,81
2853,5525
3854,8646
2221,6683
2649,9590
7267,3914
969,1795
2366,4363
7080,7833
948,4562
3927,3161
3983,1732
1801,7580
4852,2535
1335,5825
7507,5794
2521,5224
3456,1931
6124,8101
4365,1307
8516,1677
4182,8509
8238,7580
1631,4140
9544,7587
8427,2044
6499,886
6053,272
3033,9964
319,3229
8994,748
374,5784
255,1007
5468,8573
6019,4622
9302,2442
2654,5251
8251,1527
8921,8642
1483,2973
4296,477
9075,9171
3568,9829
8315,3794
7040,5488
3404,1577
9274,9999
7579,3267
2649,7842
9927,9390
8577,4992
657,1633
2144,9739
8244,5327
4433,2264
7846,4362
9233,1453
5021,4717
8711,2703
9420,8113
9144,9915
1597,6255
3084,2222
2812,3958
3927,8908
6274,6597
8803,5147
6428,2176
7645,2540
8052,9406
8457,2101
7964,649
7321,7983
2187,2708
9202,4285
6137,1219
5772,6414
2108,1514
9007,442
976,1232
7238,174
4712,2975
9089,2291
7160,6586
9939,4729
290,3175
481,9479
4805,725
4907,3276
7752,7616
6700,3042
2677,5214
2599,8214
8140,6723
3018,4042
1709,8329
9252,243
2615,4174
3872,6115
2041,533
6856,5571
64,5912
8352,8923
9950,2868
5972,928
6827,6523
1401,1460
5025,9310
1634,7084
7924,1745
861,4794
9882,1901
4220,2294
4456,2916
8699,6963
2824,4987
5252,6741
4674,3720
2765,1
1060,73
536,7605
4918,7438
5993,8385
840,9289
7789,9844
9879,5176
6392,3106
925,8898
3153,4510
2096,4955
3565,8450
9592,3940
3493,6052
8948,8881
7430,9239
4644,8476
467,8540
8882,3813
6947,9536
7436,8470
8787,4097
451,6431
5308,9292
6723,3747
2802,7533
7198,259
4258,4268
8083,7886
515,5182
5407,7344
3362,8893
9476,4751
2121,4643
3974,2800
6710,435
1896,7755
2092,2398
8108,3041
3384,1692
7808,4008
9494,1589
6296,4144
6779,8226
728,3237
7495,2849
1662,2029
1111,4208
5654,6002
734,4242
6960,2213
477,9465
6587,4382
7579,3284
506,5044
2799,5462
1322,6437
4405,4274
5861,6605
7545,9047
4829,1642
9338,6771
5611,4759
4978,3016
1052,8746
7921,217
5432,4734
2653,7734
255,1306
8260,5527
974,7650
3047,2375
851,9084
8661,9897
1951,5731
6791,2469
7766,3784
997,2434
1840,3790
1644,8478
1044,8010
6753,1130
9491,3861
5371,7529
5713,7775
4219,8377
4814,7852
2536,4155
3493,7641
7986,8843
7027,3829
2328,6251
7571,9591
5816,5548
1515,3542
2383,2780
1513,2162
8084,1849
5687,7491
4412,9592
4539,9406
7603,3347
3073,3540
9056,8087
5786,1968
2590,5964
7991,5314
845,8292
4916,3563
9780,8435
4325,9811
5084,5554
4126,7012
5407,728
2441,6389
4771,3297
2662,2068
6370,2110
2855,7107
5826,9322
2103,9566
4583,8012
91,8109
228,6171
3420,654
1387,5369
8468,3579
6659,7483
5075,9732
5476,824
4261,8003
4393,7324
9621,9575
2467,6990
8062,5817
2149,9438
4126,178
1308,2922
9378,8849
8842,7174
8957,4723
5602,5111
3295,3941
5723,440
1622,2598
7764,1632
3996,7730
9006,9619
5102,4990
7726,7120
4608,1840
9042,3211
3978,6592
4821,4491
1134,3457
5102,926
2747,5160
2037,6353
9207,5837
2555,317
7799,8575
4893,8659
4731,9247
1502,3266
241,8129
6598,2270
7308,2552
3584,7011
6682,4809
2171,8749
5890,6657
6048,4593
4653,953
1050,2706
2177,3854
4063,8344
311,7005
3341,3347
2934,2026
9525,7322
2811,6880
7031,9293
746,9070
5649,8373
5789,1968
1878,2001
410,4848
5227,5407
8410,3538
8730,142
9473,4523
6059,8618
8326,9370
6118,2409
7422,9333
4892,8706
8859,9377
9646,215
7523,2203
2104,1383
7515,4014
5428,5705
8514,950
2092,4532
3,3464
6505,3218
1078,869
8185,6200
5395,1541
4544,4240
2570,2514
2267,6952
7575,658
4759,940
742,924
5953,5796
3113,4287
4787,8844
4721,3070
913,4941
8295,386
4557,3553
9005,6056
5725,6843
7303,5767
2026,6944
8398,285
237,7621
2481,7097
7521,5608
3193,7697
9756,8733
5742,1231
8660,6750
2295,8953
6142,980
3047,4237
4610,167
612,412
9252,175
8715,6224
9791,7412
6583,7389
224,3846
1402,3628
1900,5431
7330,3480
5071,4583
709,2982
2636,3314
5210,6566
358,7575
5981,398
2596,1371
6637,8798
3026,2335
1570,7342
4462,9624
8032,9400
5103,942
7940,7043
4328,9100
7308,3137
7472,4998
4944,9318
1419,6238
9538,630
9541,7750
9692,5045
4768,3553
8461,2562
8952,4162
2310,8214
5282,4813
2013,238
4072,6701
1877,4909
2679,1921
3690,2260
3024,6638
5682,7934
3022,771
2814,802
2210,9131
1536,8606
2069,7330
3789,5531
9892,5263
7241,9618
9609,3955
7029,8665
2739,3861
3700,2219
3297,5813
405,7857
2211,8085
1933,2164
1463,4976
2475,7559
885,1599
2361,4771
2306,3994
688,2624
8710,677
7855,1264
2530,2364
7422,8348
9307,8117
1340,848
2947,5462
6906,3115
4167,7202
6246,579
2964,2355
3584,2108
9797,4487
3521,5388
1574,9377
173,6965
7850,8179
6683,8341
8425,2821
1286,8143
9945,4442
2147,7365
834,2921
8244,5318
2537,8418
518,7722
8985,3978
1149,9409
6744,8189
3000,834
5429,7016
2243,1713
3091,8418
5618,6761
1363,2793
7373,4706
6136,9017
6925,9090
6910,9079
3224,7619
2353,3340
5935,6452
6676,858
6817,6414
1448,6500
5643,9026
605,2434
8557,1926
3183,7265
2728,6385
5622,9771
9619,2561
2082,7427
9165,2152
3962,1972
8744,5426
1472,963
8624,6424
2430,9386
2765,7707
9667,9927
4760,2587
4060,253
7881,6898
9220,7766
2618,5740
4730,2377
4588,6424
4009,5053
71,3690
4754,6877
643,662
6506,5352
5578,2452
6184,2462
9600,7734
5312,5984
6957,695
7842,3033
2854,4770
742,4069
8467,7230
1581,5208
4885,4397
6957,3925
3047,4960
7075,7779
1808,1446
6857,669
9114,9237
7500,8775
1427,7209
2337,5786
2321,8731
4965,5925
2180,453
9898,3075
6641,2337
1846,6697
3304,3064
6888,8196
7504,4712
250,7479
998,2202
1827,2074
2488,1329
6848,9193
6432,3859
1318,1930
3466,9875
967,6407
7514,1676
1376,6437
1465,6816
8025,7030
4729,2311
2953,5541
165,1138
1029,1151
5209,9436
3108,3995
9361,9752
8791,8623
8121,8800
3249,5860
9637,9715
9170,7171
1531,2184
6057,4178
5252,8371
2057,7401
9076,9398
5132,5913
5702,1301
9205,798
8168,595
1864,6023
2935,2209
7317,9801
4879,2663
5787,1230
6190,2969
5455,2652
641,7246
8328,4045
8845,5971
2375,5589
8241,2869
532,2697
414,3337
5070,9160
5995,6804
8687,4419
5843,9982
6358,2999
9028,2932
7061,2054
9402,6688
5095,9714
2980,9476
6412,7900
8190,9936
5753,299
437,9556
2720,8706
8980,2958
7600,7761
7057,5979
4855,2847
9539,7934
7210,242
5166,4492
2727,6315
5420,9800
4404,300
2969,1758
491,7565
3644,9515
4610,7346
9443,8359
4912,9595
5784,3880
6802,9210
5864,6272
9652,4143
900,5480
8072,4038
5945,365
6702,4698
1579,2266
3203,7615
4797,3109
5959,6103
2132,9582
402,8041
2749,9355
5762,7974
8931,8781
3793,6477
8404,1617
2085,5986
7961,3607
3790,7497
210,5202
4984,9851
8023,6356
6435,1809
9529,2167
105,8836
7097,9068
1662,9449
1336,8170
8098,8033
3030,8049
8049,7473
5922,6606
8422,139
597,7987
9072,4684
4350,6365
8069,9274
9720,684
9128,2095
4760,5196
5266,9071
4789,1368
9572,9924
7730,4820
6825,2038
7213,7295
6154,2901
2824,2127
9282,4665
6920,6286
2141,4142
2525,2990
215,7372
5540,7565
7447,5535
6034,7175
7497,7388
5724,172
6832,4363
5498,5693
1765,6875
3636,2354
9140,1594
2055,6385
5965,3552
9797,2592
4742,1947
9345,4711
9765,7444
2640,7690
9059,218
2273,4915
8706,6740
5891,4034
696,9962
9267,8415
3755,844
8737,1846
4242,110
3626,2291
9270,5565
962,6678
7991,7750
5269,8482
1405,595
7362,6243
3819,9077
8959,1690
8585,6472
8984,308
2013,8985
7047,8260
4007,7740
7773,6989
6840,8897
6045,3026
7149,666
9791,9971
4383,3351
5959,1550
3084,5881
9079,2827
5362,17
2450,175
4712,9123
608,8937
2275,4169
8790,8024
9458,9434
4605,7974
1556,8261
2469,5999
654,7354
6483,7579
8660,218
7125,8596
169,4162
1470,3141
6372,3322
3402,8615
4868,3881
2546,6988
7156,5452
7393,5503
7214,7034
6566,3310
2182,9318
6573,7580
6710,6772
1418,918
161,4842
1060,8402
7046,95
8497,9433
6077,3161
9227,4622
368,9692
2567,2272
261,7180
4633,9383
6716,8566
1307,6458
7519,9903
5093,1454
4878,9223
8210,7076
6299,5634
4810,1998
3631,809
8848,2488
7958,2816
5532,564
563,2196
9638,1260
2195,8713
1121,6570
4270,3181
9184,7598
1279,9861
216,647
3202,2829
6808,6458
126,4036
4791,2568
5648,5097
9702,6297
6693,6907
6971,7194
3429,3107
3422,4328
4575,8715
3873,2803
8350,7354
577,5475
7604,1813
215,3854
7454,4716
2809,9431
8013,7273
2339,4430
5574,1501
7583,1571
5200,8461
4918,4939
205,7483
5510,8849
5915,2081
6307,7943
8216,8402
8864,2302
2636,4653
5320,896
6448,4172
1286,8648
6999,1428
7476,6629
6725,7637
8061,7466
9199,9235
1559,5190
4490,1694
3363,9800
1537,8898
9664,3854
6678,7594
8613,1723
7686,8067
4626,7615
3237,8779
5876,1912
4421,830
1410,4961
9778,9210
2036,7553
9222,4443
8316,8966
2591,3266
3401,3590
2239,3197
5203,1910
3087,9797
9134,2476
2760,3186
3888,2653
5337,8407
9840,631
7928,5657
676,6706
8906,5813
1409,5739
2151,5106
5970,9285
9104,5094
1678,1120
4848,7630
1730,7386
9677,4916
1526,2424
6503,4346
103,2661
9142,7312
3657,9114
9088,1261
2707,4735
6575,2840
1891,1741
4772,5931
3305,5721
8829,3454
9186,3455
9827,7859
119,4348
409,542
4997,651
3183,7565
4617,638
3308,7015
4770,6573
8080,4220
2280,2748
2727,5963
8877,3711
5472,9680
2970,2786
1570,6307
1183,4420
5761,2500
6462,275
9349,6936
6108,4903
1973,4121
1484,9959
3392,5260
1473,8621
1732,1946
2268,9363
1811,5993
1542,2345
747,6462
9439,7219
4805,2861
885,4406
8243,4643
1310,7302
8384,3830
9106,8920
2988,4276
5919,9411
2598,2712
3803,7254
1153,5319
1316,7806
9812,9805
318,3719
5443,1986
768,1099
2492,4245
2501,8251
3396,6064
8625,6973
6730,6518
2683,2101
3723,3090
5032,8737
2093,9010
3860,674
1923,5849
3089,787
7199,1962
5279,6461
7058,2905
7901,2639
785,5126
7626,8897
4458,7806
3275,7001
5296,5597
5969,3344
7980,7608
8704,2833
695,7502
6088,9566
8704,3406
4816,3056
9388,1021
8461,3837
5700,1007
2907,9936
5905,9253
8594,3410
9392,4975
8524,2312
2652,7357
3090,5641
9928,7292
2549,3785
3885,4744
6333,8626
8263,8800
5277,1346
5458,7526
5042,8651
9570,6115
7583,521
7371,8783
9545,2320
7286,4609
1083,9787
51,1110
2123,2357
4421,319
5641,9520
6209,3594
2224,8760
2559,9816
7460,4823
8324,6177
7083,8199
6359,1878
3587,1993
2268,111
2727,9301
8055,6666
9216,3183
7974,9274
6244,8229
7632,694
4039,4904
3541,1968
8458,2264
6559,3664
4708,4115
1987,2571
3347,3042
9730,7744
3806,1823
520,4688
2508,1054
8425,4564
4015,6587
2653,1190
6220,9451
4824,3060
6791,2560
9474,535
5125,5007
1294,7329
2233,9151
4478,8128
5965,5768
2369,1479
273,9101
2266,5471
6566,2812
5315,2947
9150,8935
967,8812
1605,8123
5085,7948
3558,3619
8809,8193
7961,7645
1611,4918
8356,8208
5023,3839
7296,3731
8176,3147
2014,2697
3782,8485
2450,1976
6807,4025
4816,2467
5993,573
4198,7
2066,6663
9831,9669
8520,5846
1581,5672
7061,4467
5299,397
9396,3977
5120,1280
4548,5984
6840,4433
9257,8812
656,2203
4448,1123
5495,2963
545,2057
8668,3554
2721,5759
6780,1559
121,8422
9590,343
4993,7214
6304,4960
3136,7775
4387,7127
6332,3101
4516,7955
9279,9493
8553,649
3534,5041
4881,3914
3722,7117
5318,4613
6358,4275
3446,5071
7291,2728
1899,114
9980,4265
8326,5979
1460,5035
7741,6342
5977,4647
8753,2229
1199,2350
4574,7205
7714,1469
650,349
1462,298
2428,1246
1389,7199
2913,2186
8435,3307
7563,5578
1463,3027
6640,4403
6959,6113
3044,2354
6527,6639
8722,5872
6553,9047
1288,6512
7241,667
5205,6412
9760,1105
2302,4797
8758,8952
4490,3662
6335,4894
6792,4483
2522,9343
8293,1600
8669,3477
1594,1670
282,3742
6116,5025
6898,4854
8317,7359
9102,1219
4784,6003
63,9887
6963,1124
8394,9991
6244,9796
2194,6000
6723,339
4709,5967
5267,6992
5836,4482
5376,7326
6527,9329
2563,8423
9013,4451
686,2540
2150,3888
4230,1657
3043,3390
6019,8087
6409,1042
1056,9122
8867,5514
7238,7859
5410,4403
3214,2969
5961,5004
152,8640
6802,3837
3411,8773
2019,7134
254,9295
205,8036
7736,8758
4609,1197
4968,8718
8513,2809
4533,28
6783,1768
3510,9691
203,4138
8482,2182
5809,8108
2602,5804
6864,2468
9035,4894
9092,440
1191,4613
5465,4995
9298,4691
498,6769
8923,8511
3372,3639
8580,5827
5873,2340
5579,7123
6572,4694
3146,6153
7666,2064
5832,3072
8891,468
8792,7452
2075,3266
3372,6681
7484,3460
7652,2813
5030,6662
4936,6240
3630,1327
2780,7392
1950,8631
36,9440
5674,344
1766,8425
7298,4376
1341,7399
9297,1410
6121,5568
7029,5677
3351,6164
7351,6049
1303,3509
3496,5326
488,5894
5838,6135
3627,4529
3049,7533
9717,4083
8899,5888
9051,7709
3178,5893
2832,809
421,9242
8792,9578
9777,1582
7322,1134
5198,9844
1527,3889
7878,2903
1497,5701
674,643
2731,6441
5942,4038
7915,8740
6744,1477
6225,662
5047,8373
5577,4465
972,2059
5639,1590
613,2457
3075,214
9657,4720
2425,6272
2035,9082
3294,4257
699,8598
8329,1401
1740,2075
8035,6396
9912,6359
7259,3733
7720,3041
5376,3553
6178,3995
9304,6917
1264,2449
6025,3149
4934,1026
1722,3665
3565,6519
1764,6729
519,1043
1052,7355
4761,7946
2202,4130
2351,4277
6421,5537
3693,4952
1041,8752
5162,6991
6687,3939
9018,5263
5730,8330
2441,2582
5023,7129
1993,1206
7616,6263
3973,92
3299,5360
4406,3877
5976,9244
8872,2830
6755,2559
4668,2363
7286,6113
6832,6456
5418,859
6986,8682
1692,136
7004,5897
4906,2803
2566,9109
9639,8615
8708,8968
3111,5776
3296,5742
7040,6821
8972,4731
8093,8263
4440,3973
5625,9819
9689,2462
2853,6081
7149,5914
8098,8150
1463,4314
4094,9384
9117,5951
6739,4244
9855,9933
6822,712
1609,9015
7327,465
164,2771
1652,3035
2359,8306
8337,9996
1621,5173
994,3176
7616,1912
4983,3311
1413,6086
4009,8669
8190,3775
9410,8412
7581,9266
1915,9705
7774,7920
9010,4001
5119,7016
3755,9433
3502,5333
1655,4166
8535,6568
3179,7729
3074,9141
4200,2791
1242,1229
7955,797
9564,376
6770,246
9544,1467
1545,3420
3546,8517
9468,2662
4397,3881
9609,7055
3729,9656
45,9183
3893,4
2865,8192
6379,7229
1298,2381
3751,8065
2557,4747
341,3399
664,5071
3646,3023
7035,6354
9819,4679
3351,5074
6140,1888
9871,42
5249,3771
9713,6505
3768,1184
7390,4492
1727,7283
2371,4894
3107,3065
6631,1158
1151,1879
3470,5829
4636,8093
1195,2749
6003,3329
1172,8668
9388,1380
1034,9539
4383,9547
1157,2483
6176,9991
4910,1270
8010,5266
3315,1503
7611,4170
702,2406
3081,6866
9277,1846
5442,2000
102,2921
9552,8214
9964,559
8996,2767
3914,3585
2484,8831
6525,3270
128,9517
7530,5738
7495,6389
9139,1439
139,1039
3952,6645
5813,298
1757,1064
6959,3143
9544,9216
7336,5185
5450,7763
2126,4872
8312,5024
3056,1901
7582,1610
1651,5966
8818,9543
4558,3594
3894,9702
3519,3625
2494,959
9520,4265
7170,2270
5428,771
1174,9722
7959,3334
8011,5887
4017,1184
1215,5840
9589,5046
1046,2922
3361,8542
8177,4975
2777,3360
3811,4034
7983,4360
9506,6232
3959,4994
7062,987
476,4324
8133,8352
8104,8936
4937,6024
9355,772
6698,5301
5467,8117
7960,5470
6976,9696
6121,6520
5593,6425
9924,1627
9878,7627
9262,5154
8775,8931
8985,6546
810,7495
5997,2614
3109,8281
9322,8514
6142,9954
6405,163
5955,7649
7789,7739
4192,1399
4094,4309
2758,1856
8866,822
9846,6787
8489,7345
6680,2152
3880,957
4813,2250
3926,1058
8762,5789
6449,445
5124,7970
7192,4798
2442,5685
9518,9148
2645,4726
8496,9381
7011,6690
3555,713
4476,9498
9948,3468
1389,1202
2265,9595
276,1572
5825,2954
9074,3090
3565,496
9859,4062
6523,7346
885,4342
1376,2370
2934,2387
7934,6362
2909,8795
3218,9648
4570,2118
8226,1321
3146,1135
9591,486
7781,5480
4242,9060
6230,1444
498,4077
7195,5381
615,5854
4278,4741
4321,1301
5456,7932
9635,4359
8571,869
6810,996
6292,2537
8194,3676
4668,7850
7216,3412
1222,7240
3066,3347
834,866
202,5629
771,6455
9797,40
8933,9875
183,1332
5035,4329
2083,4462
2401,2070
7851,1029
3794,5744
2581,6695
5307,4530
82,7232
2316,302
4228,2278
1352,360
15,944
250,4856
5684,1753
4896,8650
4489,5850
6940,9581
1685,2094
8577,5369
4300,130
273,9165
5921,8921
5571,1153
223,4250
9855,6247
6882,277
3758,946
5381,8778
8425,2786
9089,1979
2962,3901
9665,9783
5745,7249
7013,5445
2813,5457
5014,5343
9844,2303
624,7048
4615,6582
3455,4865
2600,539
1158,729
3891,8828
2621,9852
3936,9913
8892,3204
1783,7335
3803,4253
1855,9534
714,9179
2067,1282
2651,4180
5706,5493
3204,2255
2088,616
5108,9681
2128,5867
5950,6584
1631,8686
7003,5374
8726,8745
2520,7258
9633,8130
6131,1386
9264,5197
1468,8814
9271,7993
1846,2336
8218,2637
3910,1844
6047,35
1731,7945
5100,4766
60,1959
6629,9252
7266,244
8030,1351
6672,3345
8689,598
921,6942
1015,96
3130,5637
2076,9066
8798,2692
4772,6250
8424,2213
6736,4104
9582,7659
1672,4146
9329,2883
6008,6480
833,695
2212,1297
9026,672
1530,8353
294,4354
9741,9915
7124,9634
7450,880
2865,1215
6575,8809
7957,486
7651,4282
76,5316
8641,4022
2596,3303
6964,2378
6731,5598
2191,1189
4891,9515
4054,913
8043,6150
4886,198
3133,3401
6754,9007
9928,1168
4435,5985
7666,1823
6464,450
2656,5965
6710,289
8779,2704
9707,7111
7943,5735
3406,2757
9823,5802
3117,31
4059,5343
8525,615
7239,5558
728,5600
694,6050
6037,1007
5265,5287
4897,9319
3186,3669
5897,6513
4843,2533
5157,6251
74,7717
6887,9249
3902,361
9462,2218
6321,9108
3533,3315
3634,2210
333,8967
3893,3339
1597,4444
5467,4075
1088,6244
4430,6816
6836,987
2879,8887
2898,3036
2881,1407
3750,1412
5903,5164
5064,6102
8055,1267
4963,3654
7324,7156
6703,6881
6194,9410
3380,8988
8690,3799
8127,3288
9523,9106
7350,1346
5165,7107
5502,9390
3215,5728
2424,1230
5033,2997
2116,5964
555,1598
2047,8712
4013,996
6979,6066
7816,9764
5507,2094
238,5183
4127,6474
5542,2022
359,4982
3195,1255
1246,4192
2805,4515
9012,6478
7854,5476
7162,8111
4564,8902
9597,4082
250,2426
6447,2265
7292,3454
3403,2021
507,6065
5366,6637
8308,127
4762,9167
9985,3573
5397,6872
4719,141
7243,4108
5333,6216
1316,8729
8522,5123
2699,6690
6945,1808
7253,2727
4566,1289
1261,7316
3492,5847
6312,827
4314,1834
1334,63
7364,2264
4717,4192
8220,3405
4867,2510
2173,8195
9704,563
9418,8797
1215,6767
6077,9714
5417,3664
6143,4001
7700,1667
1509,6576
8763,2199
9932,5705
1031,8962
8283,5371
5454,7095
7866,2277
5541,5454
3909,45
8916,4586
3147,790
303,9642
6019,6598
1453,3221
3211,6757
7930,5021
8542,5131
1292,1441
8220,7479
8968,9681
2204,8272
2656,3965
8800,8335
1885,9919
445,1452
3458,5480
8523,8526
5478,8022
3840,2001
7257,4699
2841,5009
7109,6560
2059,8290
5694,5823
5309,8542
1996,3187
7090,3929
5572,461
6145,2352
6784,1456
554,4606
287,6849
2311,2444
9946,4484
8721,5513
7366,2337
3501,8277
389,8427
6262,9682
3822,3248
4007,9543
1687,7637
8297,2110
2,5388
2562,9658
1787,5570
3491,6230
2536,7035
8339,6023
2762,959
7527,5006
4829,8156
1974,3304
211,473
9511,1494
1393,4493
3778,8398
1183,8047
8573,5868
8066,5074
6391,2918
1057,6065
4652,6875
825,4926
417,7854
2802,3064
930,659
905,8172
9163,4576
1448,4601
1377,6822
145,6198
6571,1455
2115,6431
1221,8229
3846,4479
7579,3546
4687,3217
8131,2445
6692,997
9632,7519
5705,2229
3884,7176
4323,847
6340,856
1721,5803
828,5145
8726,2220
4239,1317
4984,4112
6674,2979
4189,796
4670,9122
9692,7805
720,4661
9894,7320
525,1204
3427,6496
8843,7785
320,4875
3923,7558
7834,4836
1687,3798
6652,5284
3408,4378
9200,9376
6936,4790
3006,4996
1786,1579
8796,7082
83,4131
4020,5354
9293,7114
5872,1697
1120,1207
8260,8934
4022,1314
450,8142
9123,4052
7456,5933
3543,7514
5052,6568
7316,2936
3605,2603
1271,1803
967,2850
9755,5795
4064,147
2195,3002
2332,6321
7499,2761
4924,3740
2220,9673
4558,6387
2700,5036
5296,4026
1484,1652
7513,2916
9052,6601
3492,6490
4778,1336
7807,3051
9179,7729
2457,3118
6176,8013
3045,4210
5875,5675
9081,5605
978,9453
6691,7756
1441,75
9853,9532
9354,3318
531,4152
2597,1058
1761,5117
8168,8176
2306,9130
9687,3782
3953,1062
6512,1925
2507,1547
3075,5131
2320,1791
173,4822
4358,4814
430,3803
8169,8997
8402,4613
3389,4600
4840,1139
7357,1809
5811,1575
7146,6822
723,1323
9813,6189
4221,1597
1516,119
4125,3397
6019,1284
6032,4311
7024,4694
8970,1149
3568,6451
9437,5397
6481,6826
5675,7099
9590,3613
3158,7206
158,7609
9918,5068
5518,2472
52,4979
2533,5971
6753,6370
6351,3461
6851,5816
2988,2256
921,1363
3885,4215
7723,7164
9765,7418
352,4961
1384,2775
4471,3378
6467,3624
2330,398
4263,2991
2753,1458
3659,3036
922,2188
6289,9791
4629,6974
575,7427
4139,3428
1352,7979
9551,598
5696,5788
6045,945
1951,3977
9539,557
8450,4258
7097,4918
4752,9859
2121,3047
8304,4952
793,8879
7394,3760
8666,3813
9116,324
1979,5722
5742,5526
3378,7877
373,4589
6321,119
1151,9412
4345,7253
9971,6933
5570,9373
8677,5731
2314,9392
6647,977
3816,7435
2446,8697
844,7311
9318,2928
2276,7049
8363,9089
5881,8890
4014,2633
8224,51
4002,7827
3395,2361
3689,3096
8833,9140
7771,9115
5110,748
8042,8763
2900,343
2232,3528
2107,4148
5789,8726
7025,47
1461,2181
3673,7639
1391,3983
799,7577
8564,3526
9537,8839
6945,5712
2298,5468
2698,337
4572,7235
3896,2960
3401,1975
8714,5659
5520,7335
7112,3467
2896,2148
7149,6250
871,1724
3067,6579
9232,870
6241,8036
7485,5733
6066,2717
4230,4099
6491,578
2819,2594
466,7685
5360,4747
2598,4991
2792,1540
995,4785
4859,7295
7618,2462
8889,5287
8783,5742
9562,6196
4294,6467
4674,4320
795,6315
3950,1594
4595,1481
9821,9802
3755,7954
4241,4173
4040,1207
2987,2161
9507,8785
9714,4888
419,7430
4935,2081
5419,7942
624,9022
2122,5869
7795,9630
9702,5867
7285,5825
7701,9488
3995,6912
2886,2003
2812,8315
3466,5125
7234,39
4608,1798
8829,7330
1063,8062
4349,9718
6361,2891
3508,1216
7105,7701
5471,9338
8546,6940
1553,7664
2338,576
5507,6085
9288,4266
6159,9259
9477,3081
9382,4875
8371,73
5973,2343
5207,4497
6781,7991
4726,4857
26,5376
6064,5454
8009,5453
7268,6860
2732,7730
5542,6150
7821,2623
6616,463
642,8739
2334,6770
3415,3536
8197,8254
4342,6371
9947,258
9529,1219
2445,1623
4315,8478
6250,2662
6677,5377
3777,7660
3501,1552
2891,7276
4567,9660
5145,1402
2592,4476
8324,843
1000,871
8424,8808
6280,9973
899,9468
1953,1445
8543,4288
7583,689
6475,5060
1614,801
4525,833
9299,1016
5893,6812
6342,1795
6605,357
1961,5711
8655,8466
5770,5530
4485,8457
9881,4077
6289,5587
2527,598
6304,9305
9664,1317
5483,6461
1832,4960
5122,6757
7268,838
3550,5591
487,7154
3703,2925
8260,2362
4216,9202
2934,5412
7941,3192
8391,4161
1111,5651
4337,4589
7073,6926
9498,7812
4806,1358
5806,8775
5174,5669
2794,8188
1569,3212
2698,7711
1703,160
2585,7937
2038,3654
9448,8636
2735,8311
7983,6492
3334,7618
5868,758
6050,6826
580,4176
4929,6035
8497,6019
2003,3046
9316,5956
9592,1952
7380,4312
2975,345
6483,8117
3794,2840
9798,1861
1551,7385
729,1599
2343,3134
5666,6826
8654,8299
7869,7172
5065,8596
9682,4645
7351,6220
2244,3496
808,8554
6612,6772
2712,8069
123,3922
2855,5703
4094,9264
636,6521
1612,2333
9775,2302
903,8252
3871,4404
8973,4822
5193,568
5713,5165
4014,1068
4125,6244
8513,3667
1427,8505
4668,6461
3546,8967
7514,9836
6356,491
7465,1408
4401,7760
559,494
9351,8366
9209,5938
9837,7150
5293,9961
1238,9411
7382,5664
9981,4290
2157,1224
912,6882
8570,4552
4315,8790
7353,7961
4517,3930
3808,2488
7721,3401
9048,8806
9893,4082
8710,5681
6551,8092
1101,7201
360,4955
9330,9317
227,9090
4111,1238
9782,6241
6688,378
7653,6410
4129,5314
8621,9929
4911,3568
9917,5717
5791,314
8934,5152
5450,6537
8602,5783
6733,8486
7011,7801
6542,1528
3877,2230
1181,9765
5650,6423
4387,1797
8429,4781
3827,37
6565,6641
8885,6760
1431,2808
4470,1449
3530,2577
9256,3689
2385,2932
3557,3384
7511,176
9970,891
696,6875
2767,739
2315,4970
5229,1981
7986,2813
8995,8163
6801,5964
5431,1863
76,4608
1913,5898
2641,4763
6097,2409
2631,9744
2200,1428
939,1403
7673,8368
1343,2959
6602,8672
4072,589
5114,8967
895,4816
3109,1306
399,7987
3346,9478
796,2396
2268,9203
5215,1857
5098,8276
7524,5234
8925,160
8027,8087
707,3972
4110,5542
1531,8069
9625,781
6876,1692
7635,4205
1564,9258
1177,1397
7458,2571
5854,4946
8549,9531
5626,7429
2009,4669
132,8828
5371,6751
4079,2591
9545,5244
6329,4779
1135,2450
2061,2999
6329,5088
3219,9241
3287,8891
4109,5712
1119,9056
7545,3143
1170,263
2291,9516
9185,9200
7928,4655
1696,4000
8193,6132
2035,1270
4272,1957
4467,8314
4579,9250
4146,7755
6841,4548
7928,9339
3158,8486
2503,61
8743,1944
5723,137
87,9661
2925,3103
5947,564
6552,3393
5820,4283
654,4672
8985,7632
3485,3070
5093,6060
4928,62
1686,6445
4217,7564
4942,6179
3747,4067
8313,1022
9232,7168
7970,4793
3958,7405
3659,1149
7023,8542
707,7307
4607,1491
2844,4043
5511,8268
855,7557
332,2420
8784,2258
9889,2147
6764,733
2448,8318
72,7485
334,4134
5814,485
7059,2729
659,9744
6588,9001
1087,6093
9849,2238
1016,5344
6686,8545
408,245
4501,7911
6095,862
2797,9023
2493,8930
8544,5597
5609,7790
1748,9317
2765,2915
9163,1050
350,2220
6186,2850
74,7560
6229,8984
4041,4476
6135,3257
884,333
5680,5738
264,9945
1691,8944
6987,1113
5693,9323
8029,9916
5080,5760
3546,935
5820,935
2516,8364
7946,7938
7932,1708
1966,4859
9909,2487
8201,7592
6718,6454
7904,2758
6808,3012
2643,5759
9823,7982
2349,6096
766,3057
211,1083
5176,916
3166,5347
8811,3931
5114,1624
7860,3539
5199,6473
9538,9733
3794,3134
8585,2160
4869,146
85,1409
3066,7577
298,1173
1206,6825
6694,7602
5499,9331
3087,5223
4033,7671
1092,6900
3983,415
4164,2157
6686,4448
2721,8286
7501,2831
4,5207
9916,2649
9063,5505
6972,4924
5278,2264
2705,836
6511,7288
6078,9599
3607,5482
1277,4240
145,2997
1688,8497
5255,4883
8545,114
4949,9615
3145,1631
7560,7720
2779,5881
4251,4878
7021,4551
3373,451
8262,4885
4251,6057
7800,2570
4004,6574
1758,8135
3250,2154
5513,7198
4824,6426
8223,3452
7606,347
7862,5938
8933,6936
7077,6807
1192,2100
6117,7958
5658,5475
260,5680
4366,4273
7975,7482
1235,107
6058,1774
9689,8231
8252,6442
7397,311
2555,1504
5766,1451
2438,1242
173,9463
6616,171
3215,7296
9667,629
1104,1259
4245,8923
5567,1399
4538,1725
4055,8183
3665,7800
765,9443
6340,9423
974,6111
900,1534
3541,2226
9536,7896
4326,2169
5069,2432
8748,2706
6577,2004
5091,4139
8196,4189
2952,7976
2563,8419
3925,120
6962,5108
4833,2086
8745,6635
1392,1765
9067,7026
3249,2862
8673,5195
4672,9526
8571,581
4983,5750
5600,7031
203,6004
6630,1596
5732,7255
4858,3353
7705,7038
1212,7802
300,7567
923,9383
4392,9478
165,794
8395,5119
7232,1648
938,2104
1672,977
6158,7697
6592,4376
7160,7997
3577,7680
5709,6191
7227,5272
945,8890
7456,6619
3739,453
5617,1450
1652,6921
748,5049
8508,2297
6372,3184
8989,2686
4629,7005
201,9879
2104,1929
1054,3077
434,6647
6818,8447
6692,5971
2884,9425
8888,6055
2714,6366
7130,6024
6073,1490
5931,8619
7417,9790
1898,5655
9281,6398
7506,9230
5717,7655
2638,9686
4079,9324
626,2743
203,9617
7970,1982
1754,1380
606,6797
9133,6413
1771,8085
2669,8374
7779,2209
6583,2025
7600,2917
1003,7067
1734,720
4504,2016
6609,6372
4022,2857
5399,9202
8017,6968
4720,5013
880,6055
2911,4890
6972,579
8596,2446
8553,2113
3758,740
2065,4297
7356,9521
6672,7864
4143,79
5190,9202
7555,8632
4500,6575
9354,5794
9166,6758
2184,2663
3442,3798
4969,4637
1261,3439
5624,1891
6025,4366
2155,4892
6170,3725
3857,1774
3883,7400
502,1644
5033,946
1450,8349
2620,9599
2507,2574
8640,769
6418,6403
7515,8190
111,2372
365,2220
9794,6356
3529,4518
4994,5726
3675,2768
5190,7348
4481,9623
2712,4845
902,1371
420,982
3650,7679
6524,9050
7775,5332
163,662
1798,8758
648,4218
1819,2697
2693,4969
5341,5749
2115,4248
5441,502
6096,8853
1238,7496
406,5586
6304,4289
650,788
2343,416
8339,5197
5209,562
5174,8038
1202,8208
9856,6123
8454,2417
6372,7376
3357,8054
2983,5911
6045,7234
897,1031
7880,1361
7232,7651
1486,1955
375,3099
6476,1787
5995,1782
8366,6606
4210,6513
5276,5266
8463,7796
3516,9382
7300,6919
2075,2885
3466,4930
2360,4573
7480,1393
7636,3883
2066,2613
6671,8616
7874,598
2302,3826
785,4526
3984,6610
7859,4514
8804,4997
3914,9272
8156,4246
8286,4725
598,762
1576,1857
9565,7709
450,187
5291,5006
4409,8191
9198,3974
1535,2830
7002,2187
6930,7485
1653,8521
8756,4501
8747,5414
3129,6357
9568,2789
1423,1295
5263,2325
8900,7880
1474,7298
7859,7064
1000,4059
8053,7128
7345,5175
1002,8508
1952,7980
4205,2585
4213,9301
9664,2603
1632,7097
4857,5984
4153,9767
6810,9650
1554,643
1855,4436
3631,6734
9813,1541
1014,1684
2106,1884
9101,3629
8225,3944
343,6887
9672,4376
2469,3000
6105,1979
2777,8639
4919,85
1388,2399
3089,1206
8400,7279
3768,4601
5279,3617
3147,5169
5474,2903
2308,2072
9381,4945
7365,9750
7948,6274
6367,8719
4110,2665
5183,8663
7742,5043
8437,8298
9331,7371
4613,5107
5851,5215
2186,5698
4562,4662
8993,2572
3419,4077
6574,960
8245,442
4237,6981
5469,6189
7309,5566
4448,7560
3142,7804
4623,21
7746,4737
6620,1449
6441,3301
8197,4004
8546,3241
9537,9821
8589,7896
4076,4626
4507,3332
761,6443
5299,123
3330,249
5916,999
8296,7667
6941,6305
9216,5469
7335,2033
3734,578
456,363
4286,7726
3797,1488
5574,3072
8517,9341
862,5696
6215,8421
6246,4988
6664,6678
5608,4798
2315,5214
2339,735
8456,4237
9863,3886
8877,9143
5163,1304
6526,4569
5705,8650
5553,4929
7214,4197
8980,7232
7926,3382
8036,3178
4190,4499
6934,6309
4823,3862
226,7093
8621,4106
4187,6647
3189,5430
5631,3928
7049,9304
6982,1137
8337,1868
2526,5733
5157,6234
7257,9003
2090,3885
7705,5125
801,5708
4106,1015
5462,5803
4859,9826
7975,2852
3459,7237
4540,4480
8732,4089
6253,4609
3903,3558
7873,1922
582,5744
8615,7594
3189,8776
7459,1186
2014,8446
1423,5801
8036,5444
6959,2501
5503,7136
5970,7117
1229,9500
2057,1498
2008,4762
7213,1625
3062,6517
7267,5466
3542,4833
5036,6785
4869,7516
4476,7118
4645,5078
8905,3522
6747,8904
7955,3964
7869,7614
9251,8193
6742,294
9985,2852
5215,1415
3544,8776
8410,7402
9905,2390
3790,5396
1686,519
6199,9527
9083,3540
4024,2736
7254,2747
2142,7275
8891,7052
9807,8238
5014,2921
8250,8050
8872,8687
7796,1921
4661,423
3559,2769
6345,1878
4114,9581
7240,9130
570,2327
7923,9592
8439,274
2999,3691
6836,7953
4192,6255
9748,1517
3472,5686
8300,1287
9392,8738
4568,1182
5780,6044
7645,7474
8158,1185
8786,619
8354,2892
3914,902
4644,4309
5466,4321
3506,6697
4598,7139
5324,8480
2748,3777
8593,7091
8550,3262
8867,8354
616,9949
7322,7046
3279,6369
9284,8928
85,3566
1959,3634
2827,6790
6312,4578
3947,6219
3528,2650
9172,8894
3488,6947
173,2228
2899,5808
4968,7091
9317,8447
6751,6336
4120,2440
7241,2698
8483,5079
906,3306
3284,9017
1031,7343
7484,7061
1568,9637
4093,2549
3907,154
9069,2124
5287,2874
3987,8106
8028,8944
3749,6372
4979,3210
7813,7084
5924,5974
8177,8034
6099,167
944,9563
6919,8571
2498,9903
6556,85
5261,8605
128,4439
967,2539
4837,8949
925,9450
3369,947
9272,842
5742,7916
3702,5302
2694,8304
2845,1825
8426,5303
8292,7413
1454,2169
5286,9638
4282,6759
7449,5990
5632,3638
8812,7655
420,5094
1283,1047
8406,853
4839,714
2425,6206
2268,3937
5045,1195
7332,9733
1048,9622
2065,5070
2684,4213
890,3524
5474,2173
7822,5556
8046,7299
9078,9888
7951,7441
5338,9572
5606,4491
4608,3165
4897,5931
7753,2772
8615,9576
162,5984
7637,1732
867,3704
4650,9651
6773,9186
9493,8072
8208,8787
5604,1153
5970,5569
6023,7737
8773,5485
695,9095
8691,1415
5963,9084
5095,8220
1185,4339
7133,4415
4312,6645
1204,4923
6704,2736
2256,8971
8444,4155
4733,6842
9009,1944
7727,2506
7634,2794
2017,4136
6825,5672
8139,6414
812,8587
2970,7053
5086,4550
9994,7226
9086,7263
2975,1012
5704,9876
4547,5048
4283,3223
7213,1835
5261,7365
7337,8162
6967,8937
3098,6854
3064,7841
7394,8629
3007,9169
7411,2311
6576,8139
6589,9084
2324,5110
4301,5719
4408,8113
2154,3086
8691,1016
796,8403
9947,552
7456,2786
1572,2723
5919,7882
2637,7988
3645,8444
1505,7856
4532,4363
9585,101
7974,7370
5333,4307
2676,1010
8742,4553
9348,4285
9406,1087
8689,9350
9167,5665
5841,8426
8865,7553
9927,9449
6407,6963
1740,4668
9597,259
5518,5263
8938,6235
4370,7756
5331,6720
268,597
345,2571
968,9654
6181,777
6672,3459
8900,6839
7931,6650
1889,7890
4920,3852
2324,5061
2962,2321
8977,6342
6999,8674
3682,6127
1395,594
3843,5448
8414,1704
3775,9494
5371,3277
6147,4547
2584,6978
2897,4224
2099,6872
1200,834
9881,6680
366,5575
8295,9254
5977,3697
5441,2177
7656,2814
6583,7573
5886,2650
9373,6936
284,5991
8448,5796
6561,404
5150,8827
2758,2979
4819,1420
6173,9081
7260,3158
2060,9672
5838,4017
2357,9748
1358,1394
1680,6849
8298,6152
2917,8066
1366,4257
2624,3614
5670,8564
4723,3379
1014,965
3941,6078
3947,3488
3237,2133
8863,5018
7461,8974
7346,1800
8151,7252
9406,9673
4312,1588
5877,7364
3494,3211
4514,3754
6092,1021
5051,1037
2009,9514
3761,8396
9236,4336
557,147
8075,9259
4714,8372
9115,7593
2750,2659
9080,1368
2886,9446
2930,2602
6283,4092
9035,5361
6699,6903
59,1162
3725,2336
9865,1718
589,2307
4045,1544
960,4613
2669,8782
5768,307
7543,2419
5115,1089
5033,3276
9458,9062
681,6850
5082,9530
2513,2632
3391,7929
7051,3442
8095,3781
712,9037
2708,4645
3887,1124
4207,4714
4932,5838
6449,5214
4728,3506
8748,5963
6439,4395
3223,7802
6517,9797
8519,4967
3409,6672
9683,9855
898,1781
8714,4498
3715,1222
7857,5786
4948,7402
149,6878
7268,5318
986,3988
4441,1382
8578,9668
4817,9186
151,9320
3561,203
6024,5381
5423,7760
2967,3370
2673,9815
7434,8271
266,2721
5840,2962
2425,22
6246,3097
8313,1917
2308,5196
4904,3864
6291,8691
693,9762
8465,2763
9430,697
3719,4456
4699,6239
1237,8332
6693,8542
3610,1175
3210,6278
4800,5007
3846,1099
5723,7283
1779,299
2427,3849
6198,2556
9257,1418
8887,2011
1948,105
2312,9969
8401,9703
2674,2801
9445,3849
269,5290
9516,8801
9725,340
7157,2396
8249,4343
9630,3262
126,1978
6057,7642
1169,8723
1367,5701
6558,9563
872,7145
8333,1302
4831,4033
1129,2510
9783,1279
9699,4660
3624,6015
2288,3640
2159,4982
208,9155
9068,4245
3863,261
2432,5147
786,5947
8825,3730
6089,2119
5997,2535
9160,6821
5873,1996
9939,7719
4769,34
9202,5001
9526,868
1009,6369
1686,8229
4242,8185
6358,6335
3308,6622
9219,4179
1531,3186
6703,9394
1820,2259
6823,2283
6007,9248
4435,7508
3106,8527
3055,1033
2187,9602
2731,6145
8527,8425
1808,2992
6622,8352
7781,9542
1900,7835
6604,9888
2575,4108
7240,193
4412,5504
5869,9420
8503,2765
9026,51
581,4402
5303,99
5330,6808
1749,6022
1757,7509
6723,998
5813,9012
197,4670
3139,3970
9405,4356
4352,3393
1877,9167
6650,857
5879,9588
7385,5730
3841,7158
5956,6091
1892,4844
8562,41
4258,7789
4063,3800
258,2929
4993,6741
9312,6766
4329,9409
9284,2092
5169,6023
9365,7231
283,9549
1711,162
9735,9503
9195,4285
3157,2603
770,3119
1708,8436
474,9465
6633,3244
5770,2616
6243,2249
1690,3701
24,6744
3526,926
3619,5777
5236,380
3797,198
2648,4519
7884,9799
5630,568
9872,8282
4405,2509
4613,2332
5059,3199
4124,4350
4025,2288
8304,9862
7251,8886
8841,3347
8985,9008
1627,1218
5091,4649
3464,2520
3777,3661
1481,1671
2624,5935
5736,5192
274,9127
4127,1845
5444,3623
9025,551
7560,1191
4191,2671
9505,9334
8732,3654
1092,6855
3714,5207
1719,6868
3930,2763
703,5140
9835,9307
3933,5446
2571,1558
7306,8448
3460,2719
6677,1540
5115,1657
6085,999
9912,8785
9582,8956
4445,1764
4079,877
906,3847
7817,9026
2045,3198
6970,6555
9299,3222
2147,657
7648,9813
9761,5110
776,3273
7668,3120
1208,1667
3192,2830
9485,580
5763,875
1405,1899
6441,4054
2105,9667
9251,2942
3157,3814
1910,9032
4404,5214
6927,6403
4173,5623
9327,3442
4785,4884
8376,350
9837,7254
6032,7849
5562,2584
950,1396
7663,5434
9596,6045
763,6092
9794,4690
2572,213
2898,6803
2144,9099
663,7375
6097,9543
960,779
5727,232
1852,5378
9969,7
4067,4554
2814,4890
3713,6166
4202,7883
3392,1066
20,1375
1291,7352
4397,3653
1469,7608
8186,3286
6403,6952
5900,8597
5193,3506
2013,4571
7198,7896
4226,1871
8119,7436
8549,7254
5129,1094
201,6580
559,2676
8409,5460
732,520
7552,4468
5355,1813
6399,5855
1906,9294
5476,5303
2417,8731
8337,4132
1621,3665
2784,6588
694,3171
6964,3611
7873,4166
9077,263
1891,8938
9624,8589
3770,9434
2480,9525
7360,3893
9109,7246
9390,9695
9805,6180
2466,234
5659,8955
8540,7242
7326,3870
7992,4043
2487,5895
1051,6382
5783,9920
2732,7997
5442,9786
4461,649
6010,632
945,4254
3515,3145
4857,1300
1701,5012
7231,9537
9091,1273
4073,3448
6055,2382
2149,5742
1580,4885
8477,160
1897,1627
8986,998
9816,8286
6654,6156
7633,2296
5900,4082
3771,2803
9390,5639
3118,9481
5509,1347
3362,5626
3805,3342
5871,7347
4858,8326
7343,9408
5922,190
4828,7936
7154,2558
9312,4683
973,6398
2143,3753
8232,5621
7314,6655
8403,307
8080,9840
8280,2518
1283,8541
8093,5075
7240,6050
277,813
8766,4414
1337,189
7352,7687
1789,9322
9493,2311
5835,6387
4456,5700
3878,7123
2362,2534
6265,6927
2378,7456
3586,8456
3128,1017
3965,7687
1849,869
5823,5606
5789,2268
650,7055
8917,5918
8332,2495
6729,1482
3546,7083
1545,3061
2779,1260
3333,6627
9065,4938
9313,898
7128,3654
2660,5238
8831,7911
273,1883
7194,6219
6141,5278
6694,4254
9604,3574
7029,7854
618,844
9962,7817
1036,8942
2818,7688
2287,337
68,8645
5119,5306
9977,2730
8895,4479
3729,2558
9615,3144
7110,6409
57,2649
1413,8067
3984,3398
3963,8743
5007,9979
4570,3685
5777,9917
8260,5960
3276,9950
486,2692
9590,5303
2304,5397
8731,5829
9218,5071
564,2187
2326,1583
5328,1786
8022,5643
4611,6590
3703,2106
3886,6688
1105,1562
2329,4411
4478,6275
5242,2024
9747,2434
84,7322
6249,2775
5379,3510
8960,7186
1058,4685
3298,6184
9709,4109
4107,3562
8777,224
4646,3015
1116,3892
7819,7858
5786,1490
9299,2944
9906,5459
7933,3825
8644,5995
9119,1810
3258,2021
7213,6368
7866,7926
5754,7283
9382,4563
5103,5979
5987,1334
8618,2306
9624,8078
1460,3567
8448,6023
2070,682
3473,9275
2733,9129
8212,1899
5832,2725
2456,5040
4241,9798
5528,8172
3038,3609
827,5336
2507,3753
801,1293
3764,6220
132,7826
7321,342
993,43
7640,6778
3398,4705
4339,8751
9099,4016
9440,5699
6799,6090
8108,6605
4173,2748
7148,8598
4001,8369
4627,9928
7679,8786
2042,8652
5241,924
5663,1173
1379,6003
6804,6208
4192,4284
5771,1316
128,1456
7119,301
9145,6092
5342,2446
7502,4108
6514,4203
7566,456
8917,2597
6518,1218
1288,6852
9719,9449
9068,7362
7248,7127
5488,4200
871,1409
7649,6318
3730,63
920,4541
1984,1763
8220,5862
525,817
1073,5959
350,7065
4870,8614
4746,4787
3187,180
193,9723
6194,1425
9492,2521
8862,7796
4568,3488
5705,8404
2877,5446
4248,694
4194,6810
1959,2724
7203,3209
518,2827
3570,3526
5393,9795
5358,5909
3629,7712
2712,4165
7929,7614
9151,4190
1963,313
1671,6552
4359,8980
6450,2652
3792,9882
9314,4213
5675,468
2865,8702
7778,4414
4797,4851
6624,2691
5003,226
9834,9905
2303,8030
6372,5897
4279,5313
6487,4717
4677,3274
5978,4591
4813,2371
5614,4531
1702,9731
6432,4874
2332,2991
5443,8673
7512,2496
1923,7351
541,4084
8652,4514
3757,4317
7409,1506
7831,4888
7032,1095
4536,3503
6379,7185
3926,6279
2481,4086
7640,3872
2626,2943
4130,4245
1126,1624
5949,2396
7325,3761
2140,4112
4518,8514
452,5902
5756,4497
6579,3659
221,5901
4882,7984
9119,3451
8298,9038
3919,6460
4227,7386
9032,9651
3263,3562
6247,4373
226,7075
4057,5594
1187,1513
2249,7927
3100,3693
3438,8648
2476,8322
877,9905
5186,8448
9133,6466
5049,2914
6358,2677
4517,725
9911,5868
8171,941
5100,7449
289,3632
9918,6670
3801,456
4344,9217
2157,8655
2687,4464
8768,5879
6676,8121
5465,4972
9597,8377
6523,7611
8253,7256
6686,3028
8357,7165
4944,1914
5832,4919
7862,488
3315,8467
8278,5262
4331,2970
5274,5484
4082,9604
1180,8595
5599,208
9822,1790
2820,2868
6427,6149
230,842
8210,3513
7780,6668
4639,141
1238,1115
5363,393
4396,3971
1062,1413
7727,1815
1728,5376
6310,9628
6436,8539
3210,2374
3794,4015
3949,6285
1840,200
7657,6360
5302,2722
6079,3807
2217,5401
5812,1775
3159,8712
1279,5291
578,328
7613,1903
20,223
384,3170
1724,1811
6231,2043
8840,5743
2390,7955
1376,6563
9199,3683
902,9013
9736,764
9380,1501
9226,409
679,2396
8461,3343
3613,5665
6446,4998
6019,7976
3068,566
4809,3657
3739,5554
6060,5642
4439,6582
167,2568
7048,1264
8756,8269
6303,3380
7122,1988
5443,2870
915,3912
8267,5513
4060,6289
8248,993
6248,4155
835,9269
1408,9373
3209,7230
6507,7089
8058,6942
6879,4971
7264,9131
7403,7444
2583,9008
5529,8548
9363,7262
7667,8847
2307,310
8149,7591
2437,4279
3806,4899
1686,9858
8966,5211
671,4851
2845,3509
710,3918
404,5527
365,8340
9889,2398
6884,6028
6045,4636
2377,9530
964,6931
2949,1244
5954,3064
7204,9069
336,4406
2628,2515
1199,1147
9700,358
334,6343
6328,3726
4165,2885
4173,1280
4003,7535
3909,1312
3471,9932
4310,7068
5872,5024
8008,6572
2127,91
3024,2984
6863,8243
6194,2011
4182,4454
8445,5810
3275,4302
6787,7045
3226,2899
2348,6966
7049,6033
2894,3974
9224,899
5241,6414
9800,992
1016,3090
5798,6219
6959,8942
3178,8460
474,3746
7992,8363
6286,5464
6436,9674
757,9472
1163,5908
118,7028
5759,3450
9783,1901
4829,6077
7697,2175
5439,5066
6007,8677
197,3614
2908,2568
8287,8887
348,3581
5108,1365
9730,5698
6329,3235
4678,3242
2229,7868
7210,6940
973,3543
2656,5425
1827,4575
8302,1215
1632,743
1218,5481
7148,534
7791,5328
4639,2025
1117,3965
4657,339
8240,1508
9415,4804
1278,8278
6681,5872
1599,4508
7355,7674
1098,7603
5562,1209
8994,6370
3851,8189
3814,678
6920,1190
1872,6814
1045,3675
4438,5850
2202,5588
9664,6360
5469,934
2297,6133
8622,6826
1256,5112
8500,673
1145,8675
4860,5565
2080,8648
9392,63
2385,5394
2097,9311
207,3134
9952,8970
9082,9043
5020,9887
6225,6078
774,4940
3309,5500
6185,8380
9054,5640
8366,2500
3347,4741
9630,7451
4581,2619
5968,8946
2019,4530
9378,3775
8892,5920
1978,6380
2501,3480
97,1281
252,5841
186,2623
289,9926
6429,7264
7070,3778
6890,8825
366,8191
9497,815
4033,2886
8614,3135
6168,4580
6973,916
1373,8949
8457,4946
1905,4043
3882,3987
7097,6699
8081,8053
3882,4927
7176,4680
4720,4643
5010,6896
4194,1986
2501,6178
2978,420
8728,6832
8756,9232
8495,3030
2183,735
4819,9717
437,996
5358,3375
7618,845
6881,520
5539,1001
6125,1587
574,3178
3548,1582
3475,4108
812,3515
9667,5311
1585,8349
9835,1361
5173,8334
2156,8510
3434,965
3541,366
7920,7434
9423,6423
9968,4133
2371,9457
5566,9371
7166,3588
1890,3104
7771,442
137,2051
3428,3612
153,9829
1765,1595
957,1702
4425,3492
8027,907
7376,9258
5262,9517
6399,3563
5624,6733
1612,5305
4334,6195
9635,6709
4240,7047
1325,4760
9809,8147
4029,3306
6951,7364
8959,265
590,4003
5997,7189
9723,1899
5610,2920
8921,3884
9069,61
3810,1743
7184,3576
7975,7752
7711,9023
4804,5983
1370,8316
5171,1149
8881,4523
7522,7954
2352,1422
5047,4628
457,4805
5786,9063
7194,5466
9627,9175
968,9596
4746,1958
5763,7900
3972,9913
4936,564
9703,2818
5314,8178
245,4253
2006,7991
9346,7543
9192,9065
3769,9869
3783,6012
4050,1994
2292,8103
8208,107
2155,4961
5121,8257
5505,2027
9934,8150
6063,1609
9181,4039
4986,3215
4686,1402
5698,3933
3983,7583
2674,788
267,6395
9760,1890
4937,6654
1500,8033
9202,1954
9617,8916
3891,7284
3718,6411
3913,2504
875,2746
6159,7726
2971,7800
4820,6903
4787,7484
8058,5084
1287,134
2116,147
8204,6523
4427,5585
2565,287
3747,4273
2150,573
3376,2508
2864,7967
6480,4896
7117,5208
601,936
1757,7168
7311,5891
8240,1163
9036,4376
8341,7788
2483,7338
8073,4102
5698,2256
9168,2956
6351,9350
2965,424
8732,9335
6845,1790
2745,4966
8278,9917
772,7949
1243,8705
975,1666
5616,4983
9037,1697
2139,9961
5225,5125
863,6342
5866,7170
2232,195
5020,5176
9267,4389
2754,8281
8024,3797
5630,9201
8801,6463
750,3724
5310,6044
1632,5459
7743,479
7323,4774
2138,67
5273,1192
7983,5714
5187,8103
9609,8363
821,6874
7025,7631
5809,6066
8390,6133
8530,5125
1677,5180
4181,9673
5172,8355
9110,5946
3544,2048
4171,1481
744,3948
3640,4861
7900,8092
4617,9931
8548,5093
8287,7750
1348,4139
6186,2425
6036,3465
6961,5260
88,9692
4542,2598
9632,6634
4396,5107
8126,4863
7400,4492
5097,8011
1428,235
6583,7119
3522,9722
8404,4250
2523,9887
8367,8397
6416,1713
8598,1586
809,7400
2630,6895
5457,1276
2842,2760
9117,7898
5042,3240
8226,2785
2566,4961
6355,7482
4604,4059
508,2776
6928,1608
91,2731
5029,543
8470,7803
1126,9416
7879,6084
5368,4657
1325,332
7851,674
3642,7578
5036,5097
5063,7922
8203,3574
478,8910
2448,2287
7832,392
1706,5564
2050,9603
9736,9227
3658,7583
5764,5359
950,9678
3681,8384
2873,3917
9418,6134
3429,9778
5263,7568
2236,8622
1745,2075
5974,4959
6500,4620
770,6859
3801,289
9327,1410
9356,7505
1757,9608
7342,5307
9626,9298
1174,6633
3882,1316
7389,3743
690,2842
2835,4367
9522,3169
1183,2908
8423,5615
3758,2347
6490,6864
8433,3160
6507,2040
6569,577
8767,8808
2441,1205
4359,5609
695,9180
5844,9651
4903,9518
2671,7550
8121,1869
5068,5205
2914,6142
5313,4394
2132,7289
3474,6579
5010,9934
974,3306
8505,5503
3297,671
4840,3590
9745,9861
1454,2575
3439,4727
8469,8026
4930,8042
8530,7664
230,2120
591,7229
9771,8316
4078,3031
3407,7170
5743,9580
7538,1219
2111,2960
2309,232
2334,204
7875,9663
6958,4203
8034,9504
100,8537
9491,5846
4427,3062
1150,8592
126,9734
233,1369
3316,5531
8804,1998
2832,9131
6401,492
2177,9976
1627,5492
1356,6227
1771,8236
6693,8518
8799,3565
3784,6010
3751,2524
4060,805
14,6144
9705,58
3327,4677
4813,3359
3640,9780
2250,1478
2690,4212
1731,6367
3956,3665
4908,5173
3555,6104
7481,8956
3897,6245
8869,6957
6064,4626
3080,8539
2491,7470
2266,2973
4765,4929
733,3236
6701,5697
9405,8850
5946,4474
7048,5615
7464,1091
277,6536
4380,7574
4903,3049
2528,8360
3304,69
377,9688
1108,8429
7939,9027
8515,5883
3306,7091
2394,1068
3206,8783
3319,2425
5544,9847
8044,4869
1262,9863
2550,7821
6197,8504
498,6215
7515,2034
1370,3116
7309,3178
1260,4047
4789,4472
430,196
183,538
395,6081
4521,6173
6736,1567
1294,8598
3252,7834
7977,5211
5234,2819
4014,2008
5938,656
6216,1658
9186,289
6804,6548
3499,1083
5141,8709
9778,7
5231,6035
9916,8166
610,9831
6475,9850
2958,8804
250,225
1097,6279
5179,6321
7313,5373
8071,2629
2440,2504
3443,4592
2582,1696
5791,4753
2352,4112
7874,256
6337,8928
9812,2310
8996,7628
1264,5202
5432,6356
8714,712
8456,3469
4715,9906
2994,9772
7242,7309
7512,1314
7651,9463
7775,1601
8825,2606
792,8884
9097,7542
9977,3156
9538,2135
4214,2603
2093,613
2426,8255
3596,3389
1600,4975
7693,6988
5309,2797
3426,6631
2405,3527
2112,1262
7215,8987
2181,3352
6989,5915
4025,6711
1766,3749
5276,7765
9592,835
1976,5008
7293,3324
4932,7445
9618,405
2004,2715
5824,9917
5960,2851
5299,5956
2164,3882
5193,6091
5574,7001
2195,2418
5096,5496
7682,3550
2910,1826
4802,9599
2519,1812
9491,9639
9858,1034
232,3977
667,9226
9892,477
5584,7535
5626,2998
4560,5057
3880,3667
6481,6784
8680,6185
1223,3827
3604,9583
2946,5553
1569,3852
7587,6646
840,4171
9966,3463
3494,3707
3999,5105
6156,1304
8610,8380
5309,2600
6720,7534
3712,9139
5323,7680
3010,6500
1244,8186
9063,3444
4069,4783
7562,7155
5368,8689
1300,3266
6001,374
9851,3146
4022,6812
4017,3785
336,5934
4427,5311
4722,3776
7598,2370
8724,3561
1517,1324
1310,6642
2368,490
6310,8992
6013,3609
7600,1586
9135,1732
3004,2020
6312,4453
6375,122
5506,8173
9867,7583
3022,168
7132,6920
9475,1362
5624,3901
6598,4591
6732,3591
3052,1382
6494,191
1210,929
1266,1820
4913,115
9988,4655
6928,6726
122,8225
4017,4214
1613,5880
1175,6126
2790,5859
8453,9320
8801,6984
5317,9063
5674,1978
9609,4490
8773,7168
4841,7379
8970,1849
1372,3384
2260,2624
8428,6810
3100,3387
8721,736
5900,8637
7949,6905
3743,5594
5540,4011
2240,4455
5304,4209
4227,5283
8882,2566
4776,705
3517,9687
2901,5508
1135,3228
462,9967
4421,3713
6563,7620
7015,3726
5932,6610
6164,6893
8689,4415
1122,7247
2174,3139
825,8724
6611,4855
6755,5768
5610,9731
4540,8947
1980,7304
6018,6085
820,7624
647,679
6182,4100
8835,6862
5530,2787
6435,9451
7441,9096
5703,9760
934,3457
104,6888
8676,9073
7984,7042
2786,6194
1482,7237
9351,5894
6783,1236
9365,5850
45,5357
8248,4595
7570,7235
5386,6374
1852,3049
2659,1694
5178,504
5477,5436
8845,3347
7160,9680
8779,2417
8378,2249
1498,7953
9828,3588
7004,9891
113,5631
2879,678
8842,4235
3189,2010
8313,792
262,9170
8637,2739
2000,4539
9380,8330
6553,6185
1760,5243
1721,4362
8161,6773
2424,153
5826,5062
4953,4194
1543,773
1838,2
3228,8428
5717,8983
351,3452
7368,9692
5290,7181
3826,4417
27,7815
2194,4953
5215,8593
5791,8584
4715,477
990,3136
1397,2289
2905,4870
7900,8959
4932,9263
6814,9254
6712,2177
2587,5954
3633,7124
4965,8571
3516,6968
6330,708
2013,1650
9508,6753
5837,2903
235,4362
1607,5502
1469,111
162,9007
3780,153
5778,8514
4771,8501
4955,5586
1257,9990
2540,8780
6991,2433
7758,5678
4237,3017
994,4420
4196,7699
6113,9805
3734,8267
1043,9456
9027,2832
1651,3246
7826,1576
6563,3501
7957,4833
6401,3696
2613,1132
1243,3283
7989,9994
4392,3030
1477,5637
655,5693
3674,3469
8342,9107
5250,2720
6886,6964
942,4082
4424,8181
8647,9675
345,4078
8135,9392
7820,7623
4186,3670
6517,5665
5453,4012
4513,6002
965,4737
6128,7412
2583,2959
5514,2696
2098,9901
9447,3877
8698,3719
1001,9775
7992,7164
7327,9376
5838,1362
9829,5356
3684,8814
6517,8690
2135,3504
7196,7026
1028,4980
6499,7890
5591,6216
2407,3750
7510,131
874,6244
4311,8377
7952,4062
7369,6489
1720,986
1228,3278
6213,8988
5149,1719
7219,2739
9833,867
9457,5242
6729,6217
1624,3250
2864,2239
1232,9258
1265,6789
4167,9314
9383,8158
3782,233
8126,9375
5820,4701
6802,5665
9785,5500
5805,3769
6092,7152
4596,6318
7907,7576
8708,9761
1284,8933
1182,4532
1792,4128
1489,6164
5977,7108
6475,8200
7679,8071
3890,9596
692,5978
8003,3650
383,8231
270,7030
5671,8292
7076,1923
5550,7744
7191,1192
7960,4094
5543,4543
4916,5899
4883,6807
4073,5232
2421,866
2381,7899
9348,3623
424,3201
9719,915
3541,9950
9715,6286
6715,4669
1781,2394
1249,5132
4961,4265
3423,2947
4289,9270
2325,9588
6341,8471
1293,7460
5833,7811
1572,9141
5677,4794
933,187
1308,5863
5731,7229
3829,1355
2706,1954
1264,4052
1660,1960
5139,6951
3988,1392
4367,6362
7947,6094
9286,5215
5686,702
6980,1659
6030,7892
6285,2476
4784,6547
1301,5687
786,2796
830,9703
5227,1946
2231,6883
3318,6219
245,2233
5169,1762
7623,3841
4174,2632
9670,3191
3905,5105
7152,7839
7830,1906
1863,5966
9090,3619
1967,6077
3855,8522
9324,1640
3108,7242
9693,1132
3699,1849
9705,5873
714,3664
4442,7185
378,5413
2294,5795
1579,1239
2168,4734
3938,9327
4775,5641
1461,2812
6723,223
2567,5870
2926,6938
4557,792
6833,9924
5387,1147
5145,9673
9899,5276
6092,469
9646,911
1500,4742
500,5398
3354,1689
4347,3344
6122,7029
9264,255
2082,7600
9457,6542
33,1997
7146,4758
1485,811
8814,5091
6092,158
6113,2488
2686,9837
3002,947
1037,6405
248,3720
7208,8224
2461,6195
5097,3498
4351,3513
6986,1965
4740,7111
805,3442
4710,7640
3118,1036
6443,2373
5783,2205
3145,1671
4957,8603
8171,9009
9873,111
5976,3696
7767,6086
8384,7532
1896,6899
4399,6365
1250,4492
5102,6495
32,693
3697,1788
5976,4174
4478,947
3820,2128
4945,8066
6295,551
8360,3778
92,5104
1750,1975
2891,2018
8533,2382
7448,5987
7545,6613
4949,3329
5133,1348
5235,8740
6261,8725
342,8193
4795,4973
271,9915
4369,1328
3077,3066
9666,1703
7331,2346
3857,1611
7643,3259
5006,1450
8575,7097
4875,9684
7206,6428
4932,6084
7093,1102
7352,8557
3672,864
65,6766
5551,5073
5512,4850
591,19
3828,9487
4013,5797
4105,7685
1137,4617
7929,4985
7757,5552
7380,8706
4413,7069
9288,945
4863,9172
1343,8926
5172,2332
5009,6662
3850,1689
205,7719
8516,5423
2420,2137
3233,8181
3422,8991
3018,8758
4987,4094
5826,1727
4564,3999
2499,1489
3859,3497
39,1328
6614,8536
3210,606
8,8626
8181,4842
1046,8626
3841,4935
4517,8821
7565,4373
6966,3317
1512,5628
1705,3112
4079,2146
5380,897
5777,7330
156,9747
9280,3513
2438,2836
4986,4321
9374,726
6331,7496
3919,9472
2170,7890
1011,1089
8622,3705
522,7287
2338,5034
8827,5554
7580,333
3616,1401
1380,4098
9311,1867
4861,5583
9499,6111
8714,4970
4978,720
1897,7027
5952,3773
7743,1735
1967,3715
5403,7579
7452,3760
893,776
374,8580
9556,3438
7857,2466
3151,7142
6501,7185
2545,3113
2042,3715
1001,7868
8407,7922
5367,7431
4204,5322
1164,925
4410,6664
2705,9661
8507,1686
6575,6475
6440,9759
8479,2153
6517,9910
4531,9166
7417,6934
3589,4272
5460,7469
9381,2541
6916,3806
5195,5994
4424,3085
2374,5870
3044,7933
4014,963
6212,3030
6974,7856
1318,8715
1295,4686
6193,3384
3991,1973
4760,3440
8898,9735
8114,2375
