7838,6388
84,7541
7052,3873
6814,4336
1796,420
3679,8090
932,7829
3615,9667
6452,2262
3216,7051
8300,379
2315,6135
2920,6647
7728,7077
8458,815
5364,447
3259,8336
6591,3807
6590,2504
2506,7290
5025,9899
7619,1343
6341,9978
3380,2545
8409,3188
6669,7315
530,3834
7539,4739
9977,160
7290,8320
7103,881
5291,4216
6078,9769
4042,947
6911,9626
3398,1665
115,4108
7414,7360
7890,265
4622,5788
5526,5482
8301,3695
7222,3612
2900,3931
7150,5760
9827,2318
2884,8100
8005,2350
4137,9162
547,8708
9401,5267
9797,8585
4382,8296
5194,2882
1782,7414
751,527
6345,3446
8374,8569
6202,1209
4468,217
8077,3954
6895,1575
4911,8693
9391,828
283,1668
356,7477
1105,994
6891,8354
9545,7830
4030,8815
6540,125
8161,9016
5487,9199
6549,3251
378,801
5494,6413
5931,7556
4969,7896
5475,1021
124,3341
1120,8271
1391,9134
4664,9029
4956,7371
9212,2227
4002,765
5622,3325
164,8624
3248,6267
6887,9416
7624,937
443,6568
1484,5242
3663,8671
8331,2854
9705,1677
7546,51
4958,8055
8192,7425
7444,3407
9153,5808
7033,9769
5470,2635
155,1834
6196,7829
389,6025
9253,4727
5038,1353
9056,5084
2871,178
5923,5785
9575,3659
6419,2868
6641,6544
273,4491
8831,8494
4668,8928
9711,492
7539,8164
2933,269
2551,464
6321,8284
7158,9948
9047,6951
5868,6843
7276,7251
6965,8870
1063,4358
6545,9331
3363,7306
3426,8150
1406,5301
3237,2977
6106,8713
4763,4090
7788,5194
8527,1669
7427,9397
3658,6313
4036,3460
4027,1753
8383,3064
2361,1988
4959,7981
1310,4996
2263,2697
4835,2115
3736,4935
7880,5901
6264,8034
2744,3083
7805,6974
3753,1910
3022,2911
8491,4679
5254,7141
894,6826
5383,6690
1780,3979
6839,6050
3464,6511
2817,7037
9506,7259
3018,8764
9026,8347
3459,8028
5104,7764
5996,3122
326,7862
3925,3083
8611,4973
1432,5775
2604,3499
1747,3702
8410,4657
7883,6872
8302,9433
8132,7176
8252,2524
6668,43
3675,7366
138,9069
2584,7213
314,5321
5597,6591
8041,7188
716,9126
6752,5523
2764,3263
5543,9942
8326,3981
9030,4134
6344,803
3684,9768
5919,1073
9174,7455
994,6092
6442,8506
6265,6541
4970,7592
376,7241
6660,2701
8168,6256
4668,8979
4668,5807
4496,5739
18,2623
2828,4333
590,3901
457,3369
8947,2454
3719,5793
9530,2973
9224,3613
7033,5738
688,2381
6884,1392
3086,6059
5365,4942
6273,1357
4391,2379
842,596
5623,9907
4343,2539
7757,170
2718,6182
703,8791
9183,5359
4834,1226
8372,8412
4374,2011
1609,1391
5252,9358
9260,3531
4431,7466
4408,2692
8449,4029
2980,3669
4759,3110
8937,8395
1062,3059
4530,4835
7079,9418
4927,7331
2883,5033
2421,7728
274,281
1887,7356
930,9608
6109,1684
9902,7207
5084,3461
5397,3895
9229,2842
7047,9410
5903,6466
3976,4521
6533,5222
2074,9748
9308,4378
6241,8668
6836,1882
5986,3973
5932,6941
8767,8846
3855,9341
600,5615
1918,4232
4832,501
1309,3775
5072,2820
7264,8894
7735,6702
182,6059
540,624
7176,5630
7382,7785
7330,786
2019,5075
1197,8716
2913,1394
1189,8611
9976,7122
1332,6700
5143,1310
2356,406
6075,6934
4667,3413
3205,472
8446,24
3601,6921
8631,6499
1211,4449
5109,8325
2443,6618
6632,6256
1162,8440
4491,830
8494,4274
4325,7318
973,3191
1026,2938
9205,8362
9670,8691
2963,5508
9629,7096
2594,2328
4362,561
4528,8848
5839,5205
2380,7174
3321,4339
2750,6437
5884,2001
1022,6124
4474,1316
7825,5669
4339,3471
8894,8161
3589,9652
9072,5845
2321,9845
6384,8549
5703,9052
1369,2882
762,8119
3668,5691
3941,6621
5637,3554
9803,2582
7124,6821
8722,5631
7408,3421
1789,9420
5989,9578
1456,3775
4806,3991
6647,9742
4241,5561
8679,740
7100,2356
5005,3142
93,5748
5421,7119
8189,4725
4525,5355
6920,5915
7717,6600
854,4336
7189,9242
6889,1379
8866,7945
7425,2493
2446,1332
21,6709
4216,8350
2824,4332
2882,1998
8901,1464
6447,7127
7472,5101
2547,3862
7889,8066
1069,1261
7325,184
4511,8234
3045,8211
1625,4475
7787,3247
7823,294
3234,5828
1657,5635
3047,1646
6281,5756
6476,4930
9402,8745
5039,9598
8941,3986
6320,9079
7519,1560
4796,894
4828,4562
8453,7670
1539,6005
9461,5262
936,9426
430,5297
3252,4282
5388,2920
1652,2376
2274,8261
3369,5145
9638,9784
2566,1936
3094,1288
3891,6561
1164,8517
3204,367
1229,3549
6870,2997
610,3119
7689,2223
3631,2347
2547,9361
8552,2767
1708,8786
8099,7559
8447,113
7596,5616
3502,3208
2150,5593
2639,1120
8399,4192
4178,9640
5490,3519
3219,8901
5163,1025
8394,5163
467,6363
1459,6600
3643,2549
1612,3439
2409,3362
8620,1743
6950,2153
6741,655
9417,2805
2734,7039
4323,115
7013,5659
7469,8225
2228,2613
3489,8598
939,7019
7138,727
9776,1143
6446,6983
2124,3684
9521,8898
1348,1157
5807,3394
8077,6562
1960,2705
6886,2038
7890,6087
9420,8918
7544,5632
831,9196
9873,4806
9597,973
5492,3854
2625,5177
1314,6279
4024,2055
1218,7391
1398,5240
7647,688
8205,5847
9795,8807
7538,3951
7348,3442
7974,8276
5866,572
8008,5117
1309,4160
1422,8062
9119,6556
7215,9392
6405,1128
3633,3005
411,8787
8371,6679
4573,4040
7514,3894
6344,5783
3179,5505
1368,6066
6633,7976
7739,651
901,5105
1708,5939
1393,9261
6717,3056
2129,2676
1031,1592
4586,6208
2393,2935
7442,9947
4457,3262
3763,975
4066,3044
5753,2881
1997,5198
2965,433
4646,3838
3816,821
2937,2419
4745,2991
7533,3274
8076,1199
4825,3612
7939,2768
8656,9936
9686,2374
8924,9443
9425,3324
9005,9751
655,169
8072,3111
6770,173
8331,9907
7974,5198
7985,8467
2331,8063
8771,4436
823,9057
6418,7900
1880,9845
5813,6145
8915,6313
6529,9921
6447,6234
4794,1819
1692,458
9731,2405
1770,3784
928,129
3039,4482
869,5660
7896,8484
1782,159
8544,9230
8796,8367
4404,758
5969,8611
758,8358
8980,3162
8322,6202
7744,1508
2689,5905
564,725
8450,9749
8917,8195
7481,2062
2130,5744
819,1446
6514,717
4159,4245
2011,847
472,1207
9548,2744
9752,349
1392,9830
4139,6826
7886,434
6077,7578
9726,1435
3725,5535
2416,4888
4229,2749
8889,1120
2572,6003
7609,7478
8601,8463
2163,8042
8586,5341
8959,4468
6292,4898
3157,2267
313,2508
6564,2089
3446,3723
9812,7874
4154,1440
2165,7434
2280,9567
7532,967
2262,5783
1228,6508
8232,8119
241,2417
1792,5808
7458,4937
139,410
5810,7666
853,6886
3648,4200
5981,9384
3955,3626
5586,671
9714,843
3187,5865
7033,2288
554,7404
419,6498
3281,300
8363,3751
4574,6108
3072,365
8178,8549
6419,9368
2725,1999
448,9871
6971,9246
8610,6125
1996,6141
7851,8907
1262,5402
7835,5173
2839,4466
344,1887
7551,5572
6204,5315
3825,9172
7440,719
2636,4729
9131,3854
6787,3435
651,3256
1359,3596
5007,6886
2650,9810
9375,3912
4206,9682
667,7209
4700,4737
156,7944
3891,4476
9229,866
1374,4245
3304,1618
4787,353
5019,1544
2767,7177
6968,9483
9276,3918
7924,3809
2478,2381
6944,4307
9965,4457
1327,1432
9216,670
1084,6558
3531,4141
7361,4047
1683,1497
6857,4389
1337,8105
9279,2671
3098,7231
5325,2103
4419,6318
9451,9096
9934,6608
8869,9160
5110,9046
5662,6871
1526,9695
1072,9334
3860,9311
1159,5601
4472,806
4260,8467
4780,4560
4253,5137
6439,9483
9235,2695
3901,5792
8795,778
4047,135
5900,4024
6016,1714
993,9906
2982,4128
9187,6559
1529,4473
9321,8086
9155,4141
3222,6490
6733,8014
3228,2675
2687,9563
4883,4219
2759,1348
2326,5393
8604,6400
5645,9
2558,5349
1190,4232
350,1043
3900,7041
3510,2442
837,9731
4318,6799
9927,4154
9781,7315
7726,9754
8306,8967
9602,7531
1245,6485
406,2105
5021,7140
2315,1477
749,547
7567,9960
2765,1343
9352,5384
7522,5417
4256,4827
9045,2888
5240,8197
2885,6419
2086,9841
2311,4332
3824,6750
5618,1991
6567,6610
1499,9660
8857,3359
6640,4922
9771,7208
3291,4124
7191,4536
7825,5407
5514,1645
5193,147
8785,3450
4575,5559
8442,4848
5407,6765
6918,5562
9284,9140
5123,6838
7767,1715
2579,8058
659,2949
4463,1411
4206,8053
7320,4329
8272,8262
148,7529
578,6801
3869,4832
2425,1222
7207,4843
7812,2956
7396,6277
1488,8039
3114,8986
1887,1932
5987,7341
2457,9189
5869,99
7105,7772
6280,8696
7358,1846
173,8880
3129,5083
1088,6674
8138,4608
3300,5049
6216,8228
7434,8901
4314,6576
3512,2423
1925,2542
2444,1225
8700,77
6049,5469
9684,8157
5738,79
986,8900
5115,9396
1394,2083
4690,8645
4424,7003
9314,3641
7805,7716
1260,8179
1569,8787
7556,7075
8330,443
6318,5707
8608,685
1263,8175
9388,6836
9392,696
6162,2035
7947,4957
7329,6008
3191,5474
1014,1066
5535,5792
968,3186
9159,3439
1325,6851
9533,1591
2733,8069
7604,7015
1861,7356
379,8549
7761,8876
7984,4731
8859,6558
1327,8820
8890,7348
7290,1245
5407,3033
2933,1598
9278,8294
4804,3060
7151,4040
8283,2929
7456,1501
6253,1553
7059,4771
6065,5673
3873,2727
6706,759
5118,6314
8194,4510
9218,3610
4239,3034
5170,601
1497,2488
5962,9303
8406,4120
7798,2497
7738,5574
1009,8055
5184,6410
8326,1680
7884,7603
6868,3621
5864,6672
2849,6423
6345,9849
5967,9556
2559,9289
9257,6910
9742,7937
519,4979
5169,968
3332,3626
1326,4384
5720,6580
7935,5087
5257,9391
8236,6832
3369,7729
4299,6297
5019,4928
8555,4278
7712,2073
6173,2896
7976,6021
2478,6791
5109,8689
7225,8182
1773,7335
186,373
9448,1437
3349,5556
1120,1388
3960,8161
2058,1699
8105,3692
4551,7944
7552,4705
1770,6317
310,6222
1624,3245
1555,6430
7383,4322
7462,1074
9257,764
7759,8988
5140,705
6278,7807
7114,4965
8085,2149
7625,6468
6792,8993
1268,7755
86,2221
3143,5256
7442,857
4734,8665
2928,6533
4487,3230
5905,518
6989,2027
7360,8091
5937,149
3508,1410
4847,6922
5982,8334
9140,6813
3863,6840
9140,7687
8842,6313
3218,9517
4028,9606
2296,1962
8645,8486
3310,1121
8860,5299
8595,3458
7925,7544
3317,6173
7788,7662
7448,124
9129,1603
8310,1385
9299,1584
280,8057
9279,5117
3840,7896
1793,333
1919,3554
7386,1984
8298,5831
8547,2787
7976,8508
6922,37
9684,7770
359,8708
5751,1575
7018,5167
1718,3174
5818,1407
3666,2844
2697,7478
646,3827
8366,2445
9372,241
8306,2747
6982,3183
1116,7047
5388,5671
4843,4526
2669,1272
97,2204
1493,1014
3034,7417
4673,2270
2470,9979
9269,2950
3614,5547
8108,4762
7586,7622
131,8473
5175,9018
1274,8933
9208,6116
4173,1114
7950,8503
7320,8854
2087,5099
9280,9213
6818,3297
433,2433
4231,8569
1229,5761
2271,5644
4458,6623
5147,8919
6107,8793
9531,9644
9161,245
3010,5084
1659,9612
6299,5946
5394,7587
641,1856
8674,5145
1574,1563
3717,6533
5569,5057
2128,1021
6016,6045
4467,7142
3761,341
9626,6114
2037,1294
9534,9074
4285,5126
8214,6763
2313,6726
1290,7050
4048,7984
3131,9801
5100,8839
5293,8122
7436,7307
6270,8412
3308,7900
3327,6273
9912,3933
3834,6015
6593,7153
9358,523
6872,533
1453,1493
1832,1662
921,8717
1475,1458
5924,8570
3128,4498
8112,7925
2381,8948
3667,8258
7167,8315
3177,8753
4326,8169
6534,4825
7692,1629
573,5052
7005,9583
7564,7364
4407,7871
307,8785
5903,7494
4280,9680
8788,703
5375,6718
2692,1359
7018,154
8686,1820
1555,2096
3324,7021
5026,5398
9459,4609
5271,6047
7311,5545
881,1241
4872,4926
1611,4890
8645,8914
1454,3945
283,8103
9497,8805
4676,2222
6937,8468
2674,725
5739,3249
1301,588
1784,5321
837,7288
3298,5966
9001,465
5168,6264
5329,1688
4284,651
576,7445
4870,5539
798,2486
1716,7920
3457,2404
7811,4290
7223,4735
1946,6147
1424,91
2364,4424
401,3490
1808,5942
158,5058
1733,7094
1043,8940
5743,8042
8984,1003
2321,821
7598,3920
3897,7402
6568,254
1071,4654
1792,7216
3917,1850
7679,1532
2358,2771
252,3196
3621,741
3624,433
3379,375
5842,7731
4765,918
5952,5634
2593,3704
3411,1146
186,9685
9070,7572
2050,6916
1817,9820
5416,212
8790,2024
708,6094
5570,1479
8784,864
4321,4126
2028,2302
5903,1281
2682,5910
6221,1597
337,1268
8160,367
9442,2049
7673,8188
5426,1063
2512,6512
1192,4663
2310,9825
8249,1346
9060,7515
1725,1856
6678,4734
3016,3802
267,4441
9325,4632
1563,1724
6937,7946
8482,9963
9258,9793
6401,2311
7010,7587
5372,863
8315,3878
8668,275
1344,938
6797,9835
3552,7476
5011,3348
1360,6967
6902,2972
345,8527
7042,7643
7549,4386
5258,8729
8095,5399
9392,3345
817,6163
6868,4319
9520,1020
5550,9134
7323,9433
338,8530
3997,6665
8293,8245
2612,9895
6679,4092
990,8470
3906,4216
9400,2822
4450,419
3423,4352
5665,7179
2399,6186
8278,4279
1229,9065
9083,5441
853,1279
7294,336
3420,3499
4829,7713
2969,4472
7713,2822
7181,3524
2239,9617
6010,4477
4708,7300
9887,614
9743,1974
9969,5940
1266,5196
2698,4134
7339,1487
9442,5415
83,6041
7499,323
8256,5694
820,872
5840,8687
5196,51
8129,8860
3125,7172
1989,9766
9505,5205
6330,7102
6846,8837
1410,1658
1865,3811
1288,2226
831,6237
9351,2371
723,5746
1012,6825
5214,670
687,110
4459,7438
4693,987
8047,7793
2350,3294
3698,1851
7553,5660
5979,5736
6080,4060
9713,3050
8475,2571
1212,8890
4804,5836
3406,1688
5671,1064
1682,3210
5843,1095
327,4279
5908,6153
3473,6494
5907,3504
5459,6013
3408,2165
4272,2544
3097,784
2601,2778
6504,2160
3357,2733
3399,2206
5614,1206
7242,2472
7713,5974
6266,6040
3430,8052
3353,2871
6161,7136
4368,6837
8315,2023
3706,123
7321,1272
8218,9905
4762,9864
8683,4205
7951,1609
3955,6356
4257,4664
4538,2384
8559,8283
341,6412
3849,4570
6231,9949
845,1303
7332,3187
8771,1734
3901,6147
6072,790
2088,7152
3693,9731
7289,6702
2067,9664
583,7139
1151,8114
590,9826
3158,5019
1968,3828
7484,2643
3650,5656
2646,1735
1383,2027
1485,5665
9351,8572
6553,5539
6851,3204
5972,3037
1211,6828
872,8591
6856,270
5453,5126
8394,5304
5090,8443
120,1486
5702,9069
6865,3122
2270,532
295,882
5370,3989
9815,2626
4783,3576
9138,4737
9557,1244
5804,3317
7077,3185
3038,5426
9748,3424
9485,7942
3601,2108
6073,8089
673,3720
6215,5988
5323,9357
2063,5735
9689,708
4629,6572
5781,7524
9617,7215
8486,5792
501,9756
4262,6853
7509,3441
8163,9987
570,1517
2649,1504
4907,9851
9573,4517
6692,6143
4405,741
4687,2209
6843,9322
6598,7533
9152,9811
1128,3939
8919,2460
5066,6580
2667,8718
7681,5548
4757,1445
5359,9397
562,9330
5273,7897
7266,1089
7878,2074
6455,7095
2621,4797
8092,5905
2224,8404
9017,1110
6134,4217
983,393
468,9002
7375,5627
8680,9757
8523,6221
735,9317
9587,2655
7989,555
2789,7396
3845,7959
824,6352
6360,2205
8791,9242
833,1073
1050,171
7527,7233
2634,993
2212,4347
8813,2608
1529,9657
1466,2850
7752,2802
3140,4165
3175,1063
2424,16
6256,6738
7738,6593
238,4276
7111,2392
117,4482
6365,5140
7523,5486
4953,6844
1762,2127
7346,3066
2224,8478
419,7937
7499,2735
8757,1584
5398,5209
2126,2015
3701,5214
4673,1772
2862,4020
5156,1123
5250,3377
9417,3587
6524,6362
8643,3437
6980,8529
1251,1185
6814,6181
7461,7871
8754,9377
3778,1170
4376,1689
6437,6360
6411,8433
9130,4799
6886,3847
6131,7584
2197,8115
429,8383
8336,5759
3674,6150
1457,2045
7554,9658
1238,590
3364,7822
7409,6904
9200,8523
3047,8650
9742,9222
8865,8786
4778,5452
5126,2847
9975,8225
3398,2289
1692,4430
8608,6602
9306,2132
156,2411
5390,6024
3175,9536
5191,7092
3137,7422
530,5890
9517,7845
4912,960
2954,730
913,6365
1246,8280
3978,9216
4914,497
2088,434
6051,3282
4337,8874
5476,7840
2832,3611
8765,6216
3180,5488
3900,7860
4184,9137
6289,4958
335,8948
6227,6409
6958,6625
8205,2209
4010,5654
997,4697
3396,1686
8266,7960
9178,1507
6696,5067
5818,6797
1314,6878
6286,3244
4517,6381
4673,4394
2914,9386
3808,9679
8538,9650
7294,9331
4503,1928
790,8442
3296,2953
7292,9253
1422,3374
8649,2465
174,2396
8192,4854
7448,5653
6489,2288
9381,8288
4202,9102
5246,5207
9069,3286
7397,6675
4430,3905
2167,9496
3269,9466
1469,6473
4120,4027
5522,8848
8077,3795
2774,8343
6783,2741
1831,6410
3864,4085
7339,760
973,7622
5156,1211
479,481
4810,6576
4449,3889
7515,3635
6100,7591
282,7877
1357,7790
7047,817
323,5860
4936,1483
9935,4422
1419,5713
4459,3628
4478,4220
5215,1304
1155,9432
9678,8866
7816,8702
1912,698
3062,132
1517,3274
3333,6459
9121,1494
4161,2119
3221,2943
6725,7662
5754,9174
124,8778
3564,9878
8085,1402
2039,685
4128,6083
3507,6184
3303,7706
1984,3649
5491,4561
4614,2440
162,8865
3424,9323
5914,267
1709,4869
4854,3568
7962,1219
1750,4033
6187,8962
8007,6679
7617,460
5981,2776
7487,8604
2867,5052
1650,242
2743,348
9452,2727
6532,6797
9660,2109
3996,3459
4638,1387
8326,1478
7568,75
5736,5554
6781,8679
4189,435
4016,1424
5227,2159
1146,4252
4103,6446
6103,1608
5278,2197
1940,4443
4993,9761
9819,6026
45,2547
3227,6871
109,1959
7862,9402
5835,7831
7003,930
2279,6892
783,4280
363,4790
7279,2766
3110,3070
1748,4609
4578,9671
2236,3518
1847,8454
5516,3342
7820,1945
4801,5623
2700,3010
2977,5094
3629,9764
4282,1721
3252,1902
2543,6666
1814,6842
269,8150
424,9994
2172,7710
8078,7146
4382,5033
1091,24
240,8597
817,5767
6890,2298
365,6359
375,5095
9862,3864
1857,4582
1282,7842
867,4500
798,4969
8065,7949
9644,4519
1943,1252
336,6125
3240,2129
590,6212
2309,3785
7771,5064
1877,8045
3810,3272
3283,4289
8562,5596
2089,5103
5476,5683
6861,2066
9927,9746
6191,5384
2025,411
2879,6234
6042,6676
7806,4504
7629,359
7084,4290
9116,522
6500,107
5197,9783
9788,9778
8962,1162
6449,7075
3599,5139
6347,5653
7068,7409
8360,5741
252,1593
4508,5528
2822,5201
9386,3377
5944,3721
9365,4408
3193,9530
1202,5116
2755,5946
144,8278
9983,734
5398,5484
6582,9007
1969,1496
5045,3834
5592,9705
3347,6942
7680,3278
7930,470
1156,7127
4327,2750
9610,6550
8522,5060
9644,5028
9476,9912
3948,5395
6936,4272
4266,2303
5187,3624
6796,3818
2070,7509
2463,189
2353,8381
5674,7430
6927,9620
718,4417
477,1155
7958,1891
882,564
4434,3854
9831,2341
3975,7532
927,6847
648,2199
3851,4519
6177,3812
6580,1572
2931,8625
4520,8757
3505,5455
4486,6005
9982,7414
2651,2802
8476,2991
5169,9497
684,6377
8665,6924
5303,3342
8604,6542
3370,58
4110,8555
5857,1772
1488,1846
7429,1567
6350,847
8820,858
395,5948
9533,6458
1982,5376
6734,8760
8657,8117
1216,9547
7339,3635
2246,8830
9083,1968
5277,89
5480,7218
4048,1551
9092,167
863,4884
1695,894
2591,460
8119,17
8334,4077
4601,5470
1782,6540
277,9525
976,7735
2819,2360
8888,1050
8354,5995
5501,8956
3763,9963
7461,3844
902,2610
8686,5581
7794,458
445,8634
6097,8325
7686,3088
2496,8953
3860,4245
8031,6918
7301,1619
2232,203
9840,8645
145,4645
4131,9719
124,7445
9817,9163
3477,4565
9397,7046
1073,555
5853,5940
3391,7251
7428,9446
6831,2445
9014,2730
4473,1926
2236,8415
1798,2879
6404,9216
789,8095
8654,3868
7884,6914
6599,4386
4017,6841
481,3507
5022,4408
5172,7004
6074,967
9505,5944
2150,7753
8779,9863
2090,1907
1296,8229
635,8897
6950,5921
558,7493
2293,5073
9523,3685
3800,3678
6596,6355
8571,9621
3540,2284
1428,8315
6095,3791
9338,2522
6649,1267
9493,2735
5799,8781
4044,640
5415,4915
6903,1609
6026,5171
1802,5685
1114,6381
9539,5076
4293,1556
4555,4486
74,8680
5765,8929
3260,7069
7748,6468
3934,3606
9315,9178
5328,200
9236,4415
9427,394
4239,3237
766,4040
7527,8152
8646,6904
8329,3210
5637,5016
1617,2176
2261,1993
3757,6095
1374,7075
6889,2598
4923,6865
1751,480
8431,6171
347,1588
9352,1619
586,3189
2079,6466
3046,255
9983,830
9593,8649
9900,4844
6975,4001
4308,9060
3807,833
2108,9083
4778,8920
5384,8371
712,5178
7917,6477
3757,9924
5130,6549
2383,5798
2992,905
2444,4421
2406,9697
570,7311
4534,3154
9299,3390
2654,1595
5163,2626
8200,6008
2399,5072
9940,9509
5329,113
2237,5937
8355,7744
1493,3542
1817,9248
7892,7115
5134,1722
3016,7023
3477,7478
8945,6788
2019,4310
4267,7740
5814,3065
4032,6766
648,480
6345,2017
7275,3534
2448,895
1759,5111
190,7093
9164,704
5878,3845
7566,1645
2869,5352
9606,1102
510,4973
2317,1568
6476,4644
6312,1747
8344,835
5491,7201
4203,6295
9220,7728
5907,2393
2491,8179
9436,5514
495,3461
6242,7522
1471,2210
3265,9410
4277,2432
2162,4813
4564,231
5826,6257
3454,5391
7385,6770
4233,924
712,5363
5016,8543
2621,826
2777,7200
3557,3832
9057,633
7184,7411
5769,7169
6091,5222
2959,417
8196,5579
7689,3054
1795,4938
7175,5930
4401,3642
4974,6025
4943,4495
8813,66
8997,1296
1512,7096
4634,9493
333,1075
4662,5887
324,9522
762,6593
9252,8553
1731,7248
6012,7186
5608,2008
3423,866
2889,5169
2298,3737
9016,8857
8610,9462
4210,1771
6970,3972
1636,7487
4676,3015
8582,8674
4257,8086
3655,3840
504,2717
6107,7425
2539,52
4903,3593
3979,6302
9518,6881
6771,2274
7792,7770
4063,621
1145,8596
1684,8252
2785,523
9148,3479
4805,5119
2667,1043
7950,9892
8514,1264
2493,7010
8767,7112
8454,1848
5301,5343
1373,2719
1469,2428
3866,149
9706,3771
9056,8242
104,3440
5111,3188
4171,137
7552,4320
2791,6342
1065,3324
3410,5065
4094,4547
4522,1323
9686,3426
8775,640
519,7308
3016,7090
3373,5280
1579,7627
581,433
5460,2558
6536,1860
6305,9723
4675,159
2904,7694
9926,2988
1914,1093
2121,1647
5299,7706
7692,718
6864,7614
7386,172
7341,3118
5413,7982
9527,7966
2777,3854
5191,3857
4063,7413
8557,4775
1444,3549
6600,7740
9532,9222
7851,7458
8658,2430
9632,6269
5915,5176
3211,2140
6264,5423
6375,1660
166,7447
3161,3040
7095,1203
9917,8072
5860,3986
1532,6235
87,6212
7308,5545
7438,9478
3171,5107
6212,239
3822,6495
5319,4698
7934,3041
9573,6042
5717,3625
1889,9959
5495,1294
9104,9464
3022,1889
7676,8934
8159,9825
3929,5930
8510,8858
6959,1555
1703,5061
4079,4819
8947,6154
5901,2399
8582,3156
4389,4188
2095,5505
5147,2677
9951,5763
4605,9678
8492,1718
9787,7494
8639,6206
2299,4023
1176,1343
9720,4459
2028,8761
7254,5788
3033,4443
7509,8810
4127,5135
4122,4334
3287,1847
8803,7833
5008,7753
6298,1063
7394,6454
2585,8836
8971,9453
1867,8681
7503,7031
8838,8611
63,5805
4471,5041
692,7679
5548,8612
9968,9
4226,6872
1097,9822
4138,2256
6198,7761
6724,4801
7623,2556
8855,7126
4229,2918
4413,1913
8476,9968
1865,1991
8195,337
1460,7749
521,8740
919,3905
4631,8732
3617,2196
2432,7722
6084,8604
1302,6643
2087,1635
8085,8216
553,7027
4375,8482
550,2473
9235,5422
9904,7104
3547,4030
7041,9801
1358,8766
4257,7715
7537,3723
9488,7437
3784,5435
3220,6807
7824,1276
5677,4276
4877,7406
6157,8220
6148,8671
5101,7479
8081,1475
7741,8208
9098,6523
6592,2697
7806,9676
579,8013
1474,2665
7573,3474
2077,3119
379,5732
3257,5724
3042,7309
8867,6561
8059,6029
3367,5850
4732,1514
2909,6865
3957,1313
3833,8363
4585,7799
3594,1304
9574,3912
5912,1356
7698,6262
3570,2527
402,5928
2830,4332
5301,9136
9403,5040
9428,5097
8488,802
1824,7760
6255,8406
208,1255
5982,4913
7799,8397
5594,9282
9541,7900
3438,8707
6064,5817
6292,5577
7912,7585
890,3101
6063,9781
7221,3930
3009,1284
6310,2721
5023,1871
5863,7671
815,3090
7949,2029
5016,74
5135,4353
198,4605
7672,4272
249,7885
5941,1981
9822,6847
6226,2966
1512,8474
9050,6950
1553,1790
2723,8373
409,5521
2221,4832
490,2297
3775,5490
6402,5900
1850,3773
9155,566
6493,9436
3392,4807
6238,2373
7244,4165
628,4325
5312,3612
6384,7307
1154,2001
3331,3012
644,8946
3015,4403
2647,8123
1817,2039
2511,1368
1467,3987
6578,880
1855,8219
7397,2711
8031,500
1640,105
9489,3415
1732,5128
7798,9850
2220,8361
7755,8869
2291,3793
2279,5690
3589,8991
5863,9963
6080,1539
2113,8490
2827,2407
6948,5790
1238,718
8003,1360
7284,2647
726,3441
4993,5411
7245,3615
7211,4363
5293,6683
9765,5937
2886,1135
4710,9845
2682,5928
1210,6513
1688,9
5378,7179
5308,9516
6759,1863
3802,109
4151,4615
8848,9597
3797,4529
1093,7497
9597,8894
9661,664
7277,8613
7313,3688
6572,8097
6337,1228
7051,6531
3099,979
4914,942
1739,765
9137,9859
3856,4
685,3809
8885,6691
9507,4406
258,5082
1996,1862
4425,9799
290,5876
4702,6096
684,8804
4080,4524
3406,5257
8928,3745
7375,2100
1537,5679
4691,5339
2825,5656
6956,4046
1684,9116
6443,2438
4185,863
7320,1917
8825,6946
5177,2758
3960,9620
1574,7130
2474,7012
6453,5253
8576,4523
4571,1019
9126,9331
8954,8361
2735,3690
2649,9381
5758,6818
8858,1577
8264,3860
2161,4314
1744,7510
9909,7172
2803,5470
4042,8203
8253,5575
1337,7528
9269,884
9938,4195
5925,6256
7323,1487
7303,5020
9710,3889
8339,4102
3199,8568
1191,7597
6210,5005
2949,6418
4146,8394
4358,8685
5405,6746
813,3141
9738,4509
4076,4118
2779,8728
7333,9648
240,801
5344,8323
3163,8737
4987,4011
5557,8171
323,6638
15,7080
267,5611
498,1725
3628,3343
6051,9865
1915,7201
7079,6326
8598,4644
2439,7069
4044,2730
687,2409
7278,3112
9524,5685
5527,3424
6422,6110
164,700
6594,2261
7584,9950
9466,7257
2153,6249
7505,8595
9201,7373
6477,9421
8049,7692
4182,9895
3300,7342
6206,9536
6526,2164
6358,5940
4395,1033
1408,4211
350,1825
4343,6127
8985,7350
7590,2078
405,3545
5832,8816
3196,1158
8557,2386
2630,6112
6839,3839
8405,4549
340,1484
5116,8440
8255,450
1784,1668
8331,7432
1842,544
4026,4759
7465,2910
9870,7217
7077,1534
6075,1422
5093,6705
2732,7998
9497,4649
8438,6226
3561,7916
6220,8816
5264,4295
2832,446
4855,8267
2036,8911
719,8693
2386,9362
4060,1337
8410,747
8853,7638
2046,6323
1439,7377
6518,4498
8244,3554
7395,5296
1860,143
3342,8736
697,6947
4338,2929
7023,5619
2001,6006
6894,345
8362,209
6824,8440
339,6915
4968,5625
2729,9268
8326,4913
8051,3110
9717,4560
1351,5481
6925,4483
3726,3859
3917,2374
5684,6942
92,6994
8310,1635
393,4486
4793,8728
6973,3378
9033,4288
189,9031
3336,5985
7165,1925
4268,8820
2169,7566
9901,3858
6607,7441
5550,8147
6817,6436
1278,3319
8707,2459
3521,8134
8481,6715
4570,8518
1618,1003
1840,5033
8524,2955
3977,5236
8529,9649
6741,8536
3752,9694
9243,4782
4064,3451
5241,6703
2549,2102
3491,2812
4029,5739
5037,2080
4717,9890
386,7363
4927,2084
6507,5133
2371,6122
9956,6154
6684,9156
8014,8621
6170,1480
2046,3452
463,4135
7958,5068
2376,9322
6615,3402
3913,5003
7434,3575
3539,2984
1036,862
9320,7688
5841,9236
49,2064
4975,7210
1754,3588
6234,6798
7404,9083
8543,9134
1206,1307
3871,6267
21,9490
1517,8048
6682,6863
2778,3689
5964,2351
8456,3911
4412,2446
1995,3975
1843,6399
7307,6379
7796,350
6912,4367
3863,9121
8013,9777
5818,9373
5005,5667
2399,4571
9833,2906
3596,3378
9587,9108
3395,9092
6305,9936
2501,8556
8454,6556
3880,4124
7335,1270
6361,8153
2575,4871
3687,3020
5479,437
5477,7272
4339,8979
8123,4895
7569,9176
7768,2680
3782,722
5482,6376
3315,7968
6333,8568
8420,5428
5865,5818
551,4195
8897,7460
8510,4215
145,488
6151,4545
7995,3129
9588,6149
7404,335
6437,7173
2087,7975
672,7875
4279,3078
8710,6321
5378,459
7637,9968
517,4518
5724,700
4434,2115
6229,5472
6523,6039
6015,3569
4756,8977
6492,2436
2648,9419
5489,9307
8174,6453
6218,5393
6839,6669
5132,8032
1507,4337
1592,7280
5072,8927
3747,2498
4003,6287
627,2466
6336,9942
8150,3397
5775,6965
4325,6797
9460,5433
9186,7096
6668,4511
6481,8218
6415,3413
3422,8964
5033,8065
3550,2127
6357,4288
7744,7306
372,2551
1680,3866
7467,2415
315,4330
3053,4168
8154,6735
5394,9663
255,3036
1297,5644
2089,5372
3154,7797
4785,4100
9249,2428
4374,4829
3860,9931
384,419
9457,6984
5888,1034
3727,7556
218,8816
4671,9134
1573,6840
8800,4877
3786,9489
7584,4980
8726,2718
9539,5698
7996,5003
2798,3901
3241,1203
9331,2909
7980,1151
6150,4991
7603,4558
6158,7598
5354,3383
3244,6834
9901,5978
439,5854
7686,7935
1791,1124
4,408
9148,55
5655,4839
406,6496
1944,3799
1885,4825
1275,5445
962,6318
5209,5191
6469,7724
4356,9734
7425,1608
5484,4647
5957,9483
6536,4299
6709,6965
9907,9396
8207,8176
8781,1047
4715,1946
8287,2038
4066,9880
8491,5423
7375,4645
7876,6057
3994,7447
1162,9539
1796,8980
3005,9924
3117,1789
7243,8216
4126,2458
7795,7643
1832,8276
5635,1310
1362,4294
8301,9091
3743,3972
8608,6890
7807,4798
7789,5695
4575,5417
9074,3485
5598,6221
3383,1872
9643,582
9700,1304
5239,3369
9787,4581
4972,9404
2178,6995
3120,8406
7476,6417
688,3578
7736,6859
7390,3537
601,1119
6418,1990
55,673
765,1816
8238,6175
51,5750
4312,410
5855,6076
7308,384
1996,1734
2538,5882
1452,490
5091,9590
4832,4805
194,4397
2651,2499
928,4532
2475,45
7025,5103
8109,9284
5854,1532
9435,2161
8660,7739
1661,1147
8578,4819
3808,2181
6554,6619
769,702
2221,5187
6823,3343
3780,6471
8638,5064
7499,6857
3003,8975
4504,7818
4378,5677
8507,8118
9025,440
4251,6190
5085,5631
6799,7652
1656,6765
175,8174
1521,1000
3494,2066
1785,8476
8649,8951
8323,2199
6700,1914
986,932
3493,5339
8147,3942
9882,556
7297,7407
3757,2679
6828,6276
7275,9788
4802,8237
4769,2397
3283,5741
396,9285
6279,897
2437,7979
7278,1923
6606,5002
1609,1327
3198,27
8129,5482
3176,5249
8149,5957
5149,2476
8849,5514
8052,4106
3279,7135
5082,1055
5381,166
710,6515
3522,6424
2415,4315
656,4961
7753,7532
3319,2069
9945,8716
4567,7504
950,9729
6110,8013
7764,900
1614,7617
1249,7453
8735,9109
2302,3842
5472,6163
8655,6775
6320,6652
489,7397
5785,8922
1726,5733
4999,3356
6933,1506
9670,6341
6654,1532
1817,3829
5316,9183
6429,1719
9877,6805
4773,4492
7379,3211
1828,4984
147,9590
9016,3572
3058,4191
3526,4639
9573,720
7183,7084
2962,5377
5029,3294
253,6091
242,3025
3991,9315
7450,4812
9901,8016
8076,561
2004,4375
2218,5478
8830,6195
8783,2663
312,7852
8488,2734
1770,2639
452,3701
8384,5389
1703,260
1285,424
1513,866
6558,4558
1429,9736
7803,6999
2435,3214
9234,3997
1409,4339
9599,1904
9281,3332
8617,2491
8533,8609
5843,588
4512,2169
9871,6118
1309,27
8107,7054
5039,3094
2723,3058
1948,723
298,5756
4348,5454
2850,1530
9651,1708
6080,9791
1607,8915
464,9523
5399,7256
9687,8363
9439,8793
9332,4257
3370,1822
5630,5465
2283,1369
7091,4242
5567,9226
1760,9288
6424,9381
8454,3596
759,3667
5242,2300
3136,4191
8267,6682
4099,2143
9853,7612
304,200
864,4277
4353,8293
4954,3317
2881,4341
8301,5382
370,6504
9668,6953
3616,9750
2010,5145
7198,986
5481,912
7323,5519
3376,2568
5026,9312
8721,665
2445,1807
449,6741
4091,1330
1113,7740
4348,1336
9024,179
5709,6050
592,6883
2335,8178
6766,4592
6960,8923
1700,873
1077,9627
5918,9686
5045,1112
3149,3933
5977,4143
5493,8868
1096,1652
7445,1472
1490,1814
9785,412
5940,3688
1051,8096
60,6147
2963,4174
3160,4767
1873,1213
7903,8426
1272,83
2547,8181
2230,8630
5232,3868
2709,2936
6040,2177
4762,3699
8796,9885
2918,5172
1084,5013
5438,4333
9379,8917
8069,2983
4332,3567
9432,6961
7699,6152
2637,7351
7114,2986
9754,7583
3622,7842
8074,9756
620,1157
443,1004
9690,2406
7381,5323
5399,7039
940,2412
6672,2794
9271,5425
7362,8763
2804,606
7874,8453
6426,989
2487,7009
4746,3709
2214,9485
9723,2058
4006,680
4354,4171
1017,7142
1760,4446
9591,6935
8056,9092
5677,3257
5165,4405
6290,3649
4045,4776
1504,3138
7044,6388
123,8774
7246,9217
5528,1177
3113,309
8016,6696
9827,7045
4888,6777
5834,3110
3268,4409
3714,4855
9811,7339
1388,2670
643,6365
9046,953
2444,4552
1915,5026
1194,6861
2184,5428
1816,7901
1091,344
4071,1567
6584,6239
4679,3353
9921,2340
5669,5388
3468,3740
6908,5183
8815,5599
2672,1368
8809,576
1233,9736
2352,8780
4122,8405
6671,3283
9840,8735
9316,8557
6086,8102
7301,3146
3223,4502
3365,5253
3578,1727
3847,2452
6719,8878
1052,8476
8429,3858
3890,5975
7335,8162
3310,6413
1888,482
8641,3224
3760,6717
783,5660
7929,6532
9064,5693
1363,9175
8176,1238
5847,6427
9408,3325
9417,2539
5663,4874
6702,2009
8106,8714
4722,5770
8806,3792
473,6395
1199,690
5321,998
4069,1442
3106,7072
1216,381
2118,6542
1229,7766
9835,4303
2276,1113
5489,3466
89,4719
8221,3928
6368,24
6865,6858
3836,1403
3295,7843
9678,7054
807,2522
8446,420
3189,7909
3193,7013
8876,1813
6433,3704
5720,7602
7173,7189
3674,585
4645,2575
3830,7138
635,2889
1014,9383
8317,2925
143,7189
3206,4815
4631,9175
804,4760
8893,2165
8994,317
2840,6617
7772,8730
386,4337
5000,5309
6943,1452
9959,207
5145,5748
4666,5147
5078,5642
5904,3486
4036,6440
2114,5529
8900,2679
6968,3665
8562,4300
4874,1081
9462,6521
7287,8174
9716,9541
2020,1602
9127,6127
5733,6032
6407,2233
985,7641
572,9007
9324,8513
1240,7206
3287,1046
6809,8195
2734,2948
7288,503
1234,8649
5414,7728
2268,4867
2225,9549
1122,2791
4874,9872
9202,9706
2781,2400
6947,3678
7869,3673
2286,802
9083,6042
121,7384
1953,1355
7967,630
765,9974
8009,2748
9983,7088
1358,3690
642,5828
5155,132
4697,1565
2546,3698
5419,4311
7767,1800
4728,5053
1207,6286
2225,6120
9382,7897
7368,1905
6752,5890
3735,8522
6981,950
1658,6004
7297,6433
8834,66
4479,8494
8012,1506
1074,6962
9596,2202
6433,9634
3476,8748
9717,7298
8877,9032
7794,9266
9704,9683
9245,1750
8820,3460
8617,1654
5418,2078
5957,483
5411,3453
5854,9137
1204,4850
4879,9404
6480,6791
1855,8150
2425,7829
2676,7961
6898,5088
9006,4323
4398,5950
8951,7045
3044,7778
530,4358
2651,180
2262,1518
9172,8406
5623,8409
9877,3905
5660,3760
5583,4546
9933,2294
8395,3608
6295,8203
3538,7610
2117,6969
1543,2315
5214,665
8871,6645
6657,7002
4891,2761
7142,176
3383,8210
4361,8599
1260,1765
6819,1537
8084,6472
7145,6467
3455,5145
3009,2505
7874,6455
4321,2051
2433,455
5025,988
70,6701
8446,847
168,2752
6943,2077
9460,8265
1272,4659
7291,3586
6732,7597
3618,8042
2733,7581
9438,7373
9191,8700
1709,522
6345,2265
4491,7414
8965,1583
3188,4995
8491,94
8582,1546
2979,7598
7547,9641
3541,4282
3471,9899
5850,2464
8264,8490
1349,6839
1526,3049
5982,1223
1065,9852
5663,7663
597,6214
1135,3773
2554,7760
7548,1451
4886,595
3957,606
3804,6438
6638,5510
8067,7205
7344,2051
9062,5237
1150,6654
7367,8757
2115,7335
9829,6683
2701,6106
2598,9461
8469,8752
1143,1699
8500,2338
5005,3336
7649,3306
6774,6883
454,8291
8827,9116
8300,5867
8673,7059
966,9297
725,5026
9455,6183
8096,1762
8117,3610
7010,7237
5792,7565
7729,5190
1458,5691
8831,9309
5707,3852
6575,129
2037,340
6215,9821
8822,3549
118,9521
6063,2311
1971,7570
3751,1864
8889,6140
6877,1254
3483,897
2752,6874
1869,4766
4632,8215
2713,8390
8942,14
1538,9460
7376,9052
8301,63
4088,1180
6711,7885
7890,792
9767,2313
7805,3684
6628,713
5663,510
4396,4729
3843,8767
2267,2905
8070,475
828,8216
7283,4634
7561,2855
8809,9991
4419,6017
1528,9508
8375,9285
4577,71
2695,4734
4296,4032
3819,73
4488,3541
6378,9999
4036,8578
5435,9828
3734,7055
207,3978
1848,3734
141,3787
6450,795
2845,343
8857,8413
8835,6332
975,3827
8302,1605
7849,4007
6075,6504
7849,9010
312,9949
2500,6977
130,2747
7054,1101
2189,2376
5107,9890
1628,3426
8455,4489
6362,7387
5158,2446
3921,3185
4797,5776
2686,6624
3915,4134
8852,3013
6634,8636
8696,4319
1217,9448
5038,1286
2604,4206
2098,6520
5812,2330
4391,4881
3045,9354
4872,7930
9248,9053
8521,7725
6882,6356
571,6553
8867,5076
139,7690
2122,8003
3407,3791
1345,1676
384,9579
4615,1372
708,5568
3442,6387
5652,8071
2522,4192
851,7395
2223,4529
7301,1293
2437,262
7539,3210
4729,9681
1707,5180
6573,7607
2623,9279
7220,454
7864,9578
2859,4652
3092,1103
3935,8594
7958,6193
3072,577
8352,6596
7937,1094
9580,5209
992,4297
219,5810
6108,139
516,5191
7378,7046
5168,3143
3357,5598
2649,5310
8635,3243
3152,5899
3078,364
2452,6137
7328,3978
5519,6300
7265,8187
4400,9297
4370,1609
9957,8108
8345,3205
885,3817
5622,1495
9256,6407
2850,364
7505,6824
2756,9848
3292,1335
3550,7861
9080,3874
526,7482
2772,7422
6746,8742
5155,3826
6840,8726
2972,7896
1650,4807
7039,1747
6043,6122
1809,1518
3857,4727
5640,6116
8836,3693
7360,1102
2661,9764
8074,84
1330,5033
1522,4506
1902,7522
5602,2384
4467,8856
7381,544
9966,6967
7388,6542
4492,2700
7322,576
5865,3770
4003,2192
6747,8287
8570,5355
1630,8134
9473,3694
6383,4040
7694,4107
8208,7651
4433,1943
1116,2398
9175,3911
2428,1360
9524,4241
5034,4652
5989,5565
6521,1969
9685,3719
1615,9800
3523,957
1164,8475
6091,2161
228,2374
9372,6007
8443,6912
4247,8237
1033,5232
4899,29
9299,5724
8991,9051
4932,2608
8786,4846
2611,1823
8367,4498
7892,2483
3209,4413
2367,2655
6004,9594
2470,1387
7125,8595
7988,3990
7894,7453
2179,3933
3903,9324
91,5700
1997,100
2217,8864
1250,235
9562,2900
1211,3946
4194,5820
9651,3783
8497,8582
5991,7107
7439,1061
5740,5572
6346,9914
4755,5434
1221,5639
4463,7651
6241,2023
494,1318
6510,1199
6275,4695
6249,2705
5301,6731
3835,378
2214,7952
4316,7133
5171,6429
9368,5862
8959,5222
3664,5307
8185,1884
8151,6242
5761,5558
3058,7149
4725,7724
3114,3342
7866,149
1622,8989
4730,4291
5312,660
9744,3141
9603,1200
3196,7141
6926,7399
4586,5525
9105,3200
3008,3709
9102,5241
4827,3019
1057,1170
9506,568
4683,415
9556,361
3515,6870
5156,2377
1931,6110
7109,895
2498,2765
9476,5930
3325,9828
2919,5731
3582,8319
9033,7209
7798,7628
2452,8876
4378,3782
9790,948
7507,5542
2234,6288
8997,1081
8604,8178
4769,788
5526,8472
9895,1910
9775,6240
1738,2996
6625,6559
5297,2314
9788,1797
5735,3457
9390,978
5409,4984
5793,5458
7975,2842
1083,5148
4269,4224
8748,4406
1946,5644
7356,4233
3357,3706
379,7657
1110,4962
4068,1811
1319,1708
463,3215
2678,803
2806,6661
8735,6709
1700,1278
7090,3700
9493,7507
8009,9928
2705,6772
3878,7668
4078,8272
2323,2631
2557,8219
7330,1743
1154,2817
7671,5873
9554,9892
6741,1575
5600,9094
9918,9344
1478,4613
4588,7708
7483,6694
1757,4084
875,4879
7010,1361
8636,1508
3867,9514
3142,8928
6728,8073
2016,5264
97,3787
2050,6128
9265,2217
9970,5292
8989,8125
3032,5328
3257,3747
3174,2618
2048,837
9117,8431
3434,9096
3721,6748
9072,4884
7322,120
3914,4460
4539,1026
7911,3207
7227,3238
657,6402
7089,2197
5194,5185
6815,3823
1926,31
1891,6280
7372,8496
5069,4125
1229,7775
4022,8717
7550,2657
9249,4544
6800,2094
9485,5190
523,2984
6099,6071
1127,1935
2290,7624
6319,8807
2439,1852
3221,8944
1610,809
142,6572
6921,2176
6338,4879
8016,2799
8583,9209
7425,7292
2014,9121
1648,1724
1166,2066
4116,597
2440,7840
7387,7450
2259,1768
1933,1292
2009,7082
1656,8934
4721,8784
3894,5922
9882,6694
6555,5201
2594,3965
6806,6138
7025,4193
2180,5397
6628,4015
2062,1466
9351,3688
1169,293
5329,4779
8504,2347
4309,1995
2533,9552
9005,752
5786,8431
4907,9211
4636,1147
8457,9789
1030,4083
7527,410
7499,7169
88,400
8631,9182
4749,6646
3374,2505
3095,2177
4653,5383
1211,4586
1196,4657
1822,1695
9489,4751
381,7529
9806,3947
5940,1580
129,6773
6604,6318
4906,3648
8897,3414
1025,6172
115,4765
3530,6279
6421,8744
8754,1203
355,3615
1371,2005
7682,907
5511,7539
6085,8661
9526,1691
7665,3621
9558,7853
7636,9734
8384,9002
5574,9212
6947,7245
5857,8839
9502,2076
2878,5045
3536,3286
8808,4458
2472,2785
3304,50
2664,9642
3792,5932
3395,4933
4990,7338
3125,5899
9613,4533
9741,9458
5062,9338
9691,8488
1119,7394
6523,222
5627,5844
3776,5402
3131,538
6891,2332
7224,875
8516,458
571,5630
2558,8829
6962,2369
7485,5072
8715,6537
1812,9997
5172,7362
3631,9222
3480,8998
4936,9066
2981,9441
8726,365
5532,7231
9573,1757
4898,1394
7553,5670
1960,9910
4117,5206
6822,9913
8278,6977
2225,3787
6045,2976
1045,6628
6211,2359
6677,914
9708,6584
7437,604
1965,4652
8422,2415
6352,2452
8022,1974
6028,7316
9531,78
5254,6719
9518,9033
1662,2423
7852,5332
9734,3345
2948,6761
8849,808
2963,4403
6747,7073
9849,778
210,7565
8033,5563
6157,105
4911,5365
9541,6407
7803,2616
4052,6433
1660,5040
2161,8045
2359,856
9772,2139
1096,134
4930,9684
5951,7810
7612,3240
7492,3894
1802,2887
651,6220
1249,7902
3114,6085
292,8819
1648,7446
6292,3971
7692,9646
8638,870
1393,6437
3943,8775
1897,1781
5205,5872
8033,5930
3382,282
307,9969
1842,1294
320,10
8495,7140
3294,4611
4279,5310
6766,6961
6051,662
6318,3129
1533,4868
3613,399
1546,3816
3044,810
6725,8635
4010,5862
3370,8133
3809,2911
7466,1514
8929,493
9894,8946
6792,9080
7818,803
4628,2948
1851,7050
7421,4819
4351,7416
8753,6142
6355,3334
8074,3968
4913,687
2623,7104
4194,9775
6382,9442
298,9462
2609,5003
1535,7652
3524,3958
6903,2971
4966,7831
6563,6369
7496,7178
7942,1557
1377,2112
7836,502
2060,8895
6932,2016
1714,6820
7812,3588
3268,3982
8228,6274
6526,7147
9184,4907
2612,8356
1009,8315
2040,8013
8600,4278
2265,4738
7039,9079
865,8636
4234,1027
1084,2534
3802,2330
6713,9086
9223,8435
2884,6562
9137,8253
5673,903
9194,8593
8307,9109
4345,5074
8498,6992
8117,9743
3760,6221
1946,1313
5862,3774
9690,4708
9700,7173
5587,5653
4332,8480
4056,2270
437,2545
7450,9590
5032,9235
9688,9882
9730,8105
2357,9791
9047,4139
2677,3147
5880,662
6628,6359
3255,4284
8854,5836
5377,4989
5869,7790
5386,6700
5481,5460
1911,3245
4213,3154
8577,7837
4113,6127
4993,8065
8283,9867
8452,4003
277,3132
1031,7576
5478,1616
9840,6130
4180,368
1191,4091
2482,5319
2675,4756
7529,4147
7046,7717
8623,9337
3079,4652
5412,2371
2839,1082
4702,1041
1658,2764
6291,987
7858,4329
6868,616
1738,2276
3523,5025
6706,8604
4145,2198
1352,2793
2018,2764
1412,233
2506,8633
3807,2419
160,9206
5278,5223
6133,5479
5604,9418
5386,3865
1458,6703
9103,823
1384,199
7230,901
2369,8048
1551,7644
9287,5487
6199,7936
4677,8506
4827,5085
7539,732
9200,343
1899,3252
6762,3793
4869,1580
7228,6081
5394,8723
6268,1411
9089,8684
7415,2752
4015,4462
4806,6068
2372,615
5586,7796
4583,4479
5849,3473
3442,5196
6247,143
5279,6185
1210,2587
4977,2273
2692,4032
5118,3265
9129,8654
1307,4375
2469,7804
8669,1520
6040,9509
9326,8520
9609,9806
8877,7797
385,9343
363,5082
7421,8538
2337,3208
7653,9363
2211,5701
714,7721
2522,5331
9941,9591
4577,915
8700,9827
9968,6230
6022,88
5272,8856
6423,9224
8714,1994
5869,5977
557,6004
7275,3527
9987,2540
2481,149
2706,1970
6673,5305
4907,9853
3165,7728
1717,5157
3958,2748
5458,9044
9545,2838
7728,2393
438,3433
317,6364
3490,7345
5101,9510
5110,5903
3105,4294
2472,9511
9134,3394
8058,6303
1324,4689
4277,205
7657,2005
3643,4368
8721,9302
1235,4684
9097,1595
1323,3962
3207,2457
101,7777
5609,5488
7926,9087
1731,910
4630,9327
6052,9196
1870,3787
2264,3814
4640,6048
7492,898
1489,7135
2640,2571
6227,6922
1134,1777
7256,8446
6810,2970
7809,103
5307,7681
1804,7771
7374,3952
100,8908
1999,5035
4341,2699
821,344
1075,432
6480,9115
1499,9618
8360,3129
9962,9593
5796,3005
6616,557
3040,6625
1079,5667
5368,6276
2323,3618
9313,8082
58,8035
5374,9130
8315,1347
7854,4842
6011,8371
6446,5207
184,4595
8189,5811
1224,1812
5452,8202
8398,1307
5600,1443
3399,5228
371,1248
2718,4522
8986,8231
2071,7109
9343,1182
5092,8991
1322,6649
1774,4591
9574,1833
3487,1936
3131,9720
9177,918
7984,7461
6307,3450
7449,7769
3806,9552
9340,378
4335,4610
3693,224
5233,1763
8235,1013
1001,9545
8574,1587
3275,4426
5940,9416
7482,8709
3149,398
4210,2187
1044,1252
6143,722
5612,2265
508,9196
1275,9055
8949,6310
8307,7922
3597,8759
712,5170
8797,7979
7073,1943
4787,7239
571,5216
3748,3257
703,2994
5679,7643
1202,6583
3814,8167
5742,3224
946,2684
6313,9080
8289,1381
5542,715
6162,6693
8300,722
2008,2778
4082,7359
471,5912
9716,5765
7095,6977
8991,4298
4345,445
8526,4245
1041,5648
4274,4842
4427,9584
3593,419
3351,230
4980,8874
1468,3443
5031,6689
6239,6112
9062,4075
75,7184
2563,2243
7744,561
8576,5974
4618,7242
1333,5443
2662,6160
9041,8975
5856,7208
9421,3860
4410,3416
4838,8470
5123,460
2244,8280
8738,5237
398,5541
4613,5248
2675,4675
5045,2818
3416,1336
3457,5315
9309,1957
7842,9119
1311,9391
7852,9292
1035,3769
3635,9730
1737,5333
7629,4996
7008,9341
7034,3792
8965,5462
7126,7039
2177,5057
7298,1838
3998,5395
3468,1320
9526,7926
1371,5483
973,8379
4334,4949
4746,6506
5620,7453
867,1610
1298,5191
3249,1332
5355,8999
7818,681
2889,4726
173,8789
9411,2316
1562,2326
3237,411
5653,9876
2794,2362
9416,292
5555,4612
6450,7505
6986,1191
4716,7437
6256,4269
5954,4412
7382,7049
8595,14
7403,2852
6837,8969
7877,7897
7037,6215
6653,3832
4098,4008
4477,587
8728,9006
4165,1389
8132,9138
4972,8012
3573,8618
6357,6604
3021,2904
3980,2130
5305,2614
9319,4272
2760,4607
2172,1815
8403,1320
2941,4185
8417,5931
5367,2871
2681,2334
5652,5477
7981,3446
8001,8835
6253,6063
8303,7995
1593,4604
6423,7529
5676,6099
2950,2209
7900,7061
4549,9934
2928,352
5637,5316
983,6397
5586,6694
9141,9954
9760,2594
3868,4237
5115,941
8894,2835
7007,8338
1795,6743
1401,8004
9556,3495
6046,2124
686,4131
7719,2448
5453,2123
2397,9730
2732,3314
5888,3650
2822,2994
7072,2300
445,1627
8081,5880
4405,7633
8151,3642
4022,8971
2141,753
8542,7835
1870,2113
9140,4770
6373,897
5713,4721
261,587
876,1788
3511,9972
3706,2398
7070,3720
1158,6404
854,2312
6975,2134
4074,7191
3047,6473
8183,343
1618,2050
128,2001
2517,4807
6704,4008
516,5678
7591,67
7120,2941
2136,9031
6845,1360
94,707
3218,420
1601,8721
4562,6080
6030,5782
9360,2097
6075,2180
278,8348
3925,9896
8612,3614
5229,670
9958,2798
9502,7780
3188,5216
8508,40
8433,9945
5829,153
376,8841
7344,7076
968,4701
1330,3440
8894,6875
1601,989
4652,9597
298,5513
9549,4739
5721,7854
264,1858
6025,7809
3406,4465
964,69
1313,6882
2499,470
8540,6329
8775,1365
3574,8062
302,773
375,5036
5702,1849
6903,3188
7849,6918
7126,1563
3026,2398
5503,6791
225,3060
7589,1214
1603,4736
9938,4091
5245,1686
1515,96
7784,9673
6740,7703
8059,38
2333,9767
3701,1709
290,2619
7847,3809
1734,2860
8059,3490
8581,9591
9903,7607
4063,4388
4117,5564
8922,8941
3557,3375
6441,2853
8002,5304
929,480
1547,5741
7930,9339
7762,3834
3315,2073
9989,3594
2815,5781
2862,3836
4480,2709
7304,809
3305,3772
375,817
6877,537
5068,2831
7858,8316
3262,1529
7012,5713
2499,4308
1334,6911
7505,7833
3440,7242
9410,2030
512,4309
9358,182
6564,5554
3559,489
531,9074
3366,4666
9451,3634
3492,1484
8119,6220
5152,8752
4183,9722
3218,7094
6345,2172
7331,3930
4311,7263
5273,9944
7941,7905
770,869
5433,7192
1750,5177
5577,4142
3977,5846
4960,1261
1681,5741
9114,1792
3120,2720
9788,7782
471,2833
1180,5551
5929,5276
5306,5237
8170,588
798,736
775,2246
5541,9612
351,6287
4940,2725
1521,9926
5183,2911
9249,8785
5780,8303
3604,2248
8776,7021
6903,5933
3490,3772
407,4615
2912,880
3168,4935
9275,2930
5280,6619
4838,8872
2447,7869
8279,3923
1759,324
1185,990
3729,500
8001,5163
6258,9729
6805,3405
5024,212
782,4629
445,9860
7108,3686
3608,1347
2780,8551
9132,4458
7109,100
700,1404
863,755
7420,7445
8406,4691
418,1483
7660,8689
8491,9051
7569,4709
4131,659
2444,7480
9738,3945
6688,4155
915,9645
2883,4195
8218,6793
6181,8737
3344,2821
7636,8548
4544,1163
3911,9857
2938,985
2616,2192
3000,3134
3787,6365
3130,225
9428,6426
551,4617
9535,4689
3720,6287
906,2516
1193,5958
1280,6968
8832,8836
6088,5503
5750,1016
2382,322
5983,7848
971,7605
2714,9850
4442,3138
5847,1760
4473,7368
8934,148
1933,5838
1653,7636
408,3239
3030,8965
4225,6593
7437,5505
8049,5907
6838,8963
7390,7740
3787,5050
1467,7336
6839,8278
8694,7856
4809,2547
4313,8719
9174,2926
1700,7165
5292,6822
9205,6854
6982,8522
6097,9239
1934,8944
6450,271
1316,8950
2675,8711
19,2788
3147,2998
3181,3442
1448,9479
9031,2417
1535,4726
8890,1495
1600,5053
4451,3455
2212,4519
9274,4453
3635,3372
3341,1221
4082,2646
4674,520
8619,7654
948,4802
9548,3021
283,2730
7190,1414
4090,7745
1418,5895
2710,6316
2303,4540
8497,8146
3317,9695
3670,8988
1012,2069
3716,7915
700,903
9121,5657
7509,1344
2841,9986
6178,6418
6553,7535
9714,7246
8826,2933
7919,2170
1609,1364
3809,398
6623,9560
6989,4199
4363,6803
4910,1292
8242,1423
326,7828
7002,7094
3421,9875
6797,7535
1669,6959
4276,1618
2861,5908
5713,4337
9531,9572
3766,962
1314,8389
8644,5517
7209,1676
7363,6771
1209,8855
9407,5201
8664,4294
8074,204
9339,1089
3618,7981
3675,7689
5701,9449
6647,5206
3837,8854
5171,6588
925,1290
2512,7800
9184,3872
4426,3427
8468,4475
9838,9863
6917,2707
5661,9937
9182,4485
9378,1546
3868,1491
1779,3706
2535,8272
6816,7179
1760,5611
2730,5458
2678,7439
9641,7120
9475,9502
8272,2041
8345,453
695,4746
4447,8914
5454,6430
3572,5728
2864,1164
3815,620
4775,138
8554,9803
4948,6151
944,2956
1581,9747
8366,8011
2527,4099
3673,9990
6974,4986
282,2731
6428,9226
3992,7554
1540,3100
4340,2651
6877,1275
9163,7832
1290,8555
1326,1263
4112,6242
5533,6715
6925,4527
3659,8243
7870,1744
9493,124
4976,10
7991,8746
6848,6467
1476,6448
5540,2610
5683,4950
2386,7329
2704,7511
786,6984
1254,5396
5187,201
3382,9286
4124,9724
8850,6606
3966,2130
79,360
6529,4048
8586,9760
3935,6670
4783,4939
2855,3513
7009,1022
9808,1897
710,6542
5385,3868
9305,5985
3211,9493
8265,7008
5973,3856
1060,4438
5019,2867
8934,2319
9048,6036
7399,5891
5128,174
3644,2440
8655,6315
2329,3763
6873,484
9121,2027
9894,7117
1410,4077
2375,5171
1815,7935
6081,4410
2259,7080
9516,8995
5938,7938
7796,7700
544,5153
5322,8942
6616,5416
5850,8242
3839,8835
337,7351
5010,6140
2997,4436
6289,9346
7607,5357
9060,8892
5748,2041
9791,8084
9534,9998
5315,606
6006,8007
5095,1198
9057,8645
4407,2960
2231,3674
7367,3183
588,9944
8028,7167
85,4534
9235,5779
6009,3695
817,3339
1458,8963
1867,7020
8227,6864
742,613
1298,6064
9204,613
6146,984
5177,1436
4285,582
6952,5858
5702,5098
5405,1733
4358,2268
142,8831
8619,9406
1618,1263
8865,6267
7268,5038
7383,9992
4955,8970
5261,9891
8036,7436
866,412
1540,1248
127,3489
2221,314
1476,6687
4927,4980
2293,4003
2605,7134
8921,8126
1337,3346
513,40
4002,3274
4139,1578
9007,2420
2162,6396
5449,182
8794,7822
5655,5258
438,2329
7997,5312
7610,3312
9214,9347
9729,5155
4241,2100
9135,7597
1952,4473
6631,4821
6762,1290
7862,4876
5066,5058
8463,4750
8927,3063
8012,6908
5445,684
59,8782
1636,6714
3982,2992
8755,492
4206,3069
9752,7503
1521,2810
332,3244
598,4748
5510,3591
8228,9168
4716,6769
7230,5980
2276,8736
2888,5814
4267,1170
3043,2444
734,5619
547,7736
4052,4741
2241,2647
4137,7090
8773,9165
1844,831
5304,6099
7671,2133
9783,6747
3288,6395
740,9439
3968,7874
3080,6264
4829,2442
4096,3857
836,766
8242,8930
3740,3339
7616,9566
6724,6343
646,8945
7413,5798
9467,7171
2909,9329
9785,7189
4838,4270
9322,9462
7319,1016
6833,6593
1949,4313
822,346
9532,8641
6747,9312
5521,8507
8899,7655
9895,1769
4704,7870
7999,7391
1742,3361
6440,3418
3432,4552
7800,9369
2388,9067
7389,6936
9907,6788
9269,5238
8992,8643
2355,5636
428,830
9425,6891
2652,1188
2276,6724
7915,1692
1214,7677
6244,7183
182,74
8181,3474
6385,2215
879,733
8826,7939
9529,6675
8758,4974
2332,5399
4985,6582
7249,674
5533,5194
9226,3295
5800,7375
6501,4510
9826,4193
9461,7723
6406,2554
2959,8867
6121,318
3099,4065
3392,3988
618,2107
8961,7589
2107,9635
7141,8381
5612,439
7825,4759
5420,7549
8041,6807
6726,4926
5847,3127
6591,9185
8775,5674
5885,3574
8653,9334
7626,8145
7003,6768
1131,2052
8590,1037
9851,4828
3741,8070
1622,4915
3691,2381
3437,3645
6388,4368
5736,361
2844,1411
2281,8874
3881,2563
1050,2547
3627,2452
4504,4067
5704,9772
6240,5805
8438,4515
9199,1119
1776,3699
133,599
4560,8463
1879,6230
8217,8995
1739,2337
1317,9856
8804,8901
1790,3654
7087,7476
9818,9230
2375,7947
2987,3076
893,5685
6193,6566
7768,8712
2011,1159
7479,8405
5376,1565
9131,6076
6000,9703
70,362
7454,7743
5794,2454
588,1587
9950,8599
6475,297
1296,4089
2790,4988
4111,8855
8432,7693
5180,8903
4183,2230
7486,8622
7742,6319
1923,1426
9743,6762
3045,9095
7204,7905
9362,6119
6151,8395
4817,1783
6358,9161
8134,9357
8062,5793
1340,8445
9399,3294
3997,7167
8677,3073
9567,6266
8022,1683
2239,8919
629,6876
8804,1743
1114,1458
2473,2255
1882,3926
1493,2994
7542,3676
4143,3265
3553,8209
2872,6217
5195,5532
8748,6699
6935,6526
2288,9762
4276,389
2537,6068
1121,3229
4816,6196
8735,4963
7579,4361
7551,9711
8636,5371
8906,2836
1828,1813
4201,4359
3407,7999
1251,4525
3557,4783
1864,1613
3025,6011
1714,7587
3388,9541
9531,7129
6491,1643
4869,9074
7626,8068
1975,9506
7864,3555
1154,3932
2550,1008
278,7192
4246,5611
9409,2112
2676,589
1017,3759
1198,5052
9599,8567
2282,987
322,3564
843,4882
2215,3591
1943,7854
6851,1388
1826,748
6895,7708
9622,1342
5031,4007
9727,2881
1206,835
84,3028
4658,9458
2366,2242
6718,4851
5490,4145
4379,5663
4927,2285
4265,8049
1085,2957
1466,2033
4141,5497
9108,398
9615,3492
3517,9458
9712,1978
1326,8582
1207,143
1626,6916
9921,1493
3725,8622
8105,1308
6299,5025
4946,4372
2536,7201
4231,9894
8080,6382
7196,4350
4976,9349
3784,6884
6232,102
1573,4927
4803,2181
8390,8036
5043,6621
1253,4694
313,3720
9196,8725
971,7948
2718,9810
5389,4716
1102,1499
5238,7260
3538,6007
5285,2437
1560,7381
296,8701
5748,4880
781,1755
8332,2533
4325,8869
2183,9060
5231,6461
5824,4237
2095,7633
4585,6851
7250,3720
8025,3462
2798,3572
9778,4691
9342,3178
3804,7439
578,7309
2734,1996
4547,8280
1930,8720
3412,5232
6561,5967
7476,4884
9324,2971
2516,7584
3132,2399
3662,6780
4590,2725
2602,6564
7263,2776
973,7248
9836,7106
2054,4090
8570,1513
3140,4299
8080,8376
9763,7222
3513,7234
9721,7146
1292,4443
2808,218
5388,7649
4054,4326
9192,9120
9003,1941
4609,2904
3888,5896
3462,9089
6273,1710
7346,7870
3058,5745
9716,513
9481,5160
575,312
6530,4993
5939,1617
8794,1757
5632,2157
9696,9323
9453,7433
5543,4600
8204,9949
1627,6749
1047,1275
3508,1544
8475,3320
3732,7038
1653,3552
5521,5975
2653,3369
5500,7814
5769,6609
7922,3972
9127,6141
3361,1167
7927,1980
9867,6929
6900,873
1448,6014
5992,8018
8387,1911
4284,2576
9536,319
3894,5325
8384,4562
8530,756
7730,4660
8681,3592
6537,365
4253,2919
8710,7462
2602,2397
7337,754
7841,7278
2852,6313
8922,5525
3508,6090
555,1910
7576,2965
7379,181
910,8476
6569,4433
8986,8424
8803,6344
7702,6012
3650,5518
7121,7214
9670,3322
3365,4891
7916,4167
1366,5774
1503,8667
8235,8131
4884,7068
8609,8234
3501,6157
2037,8995
649,9997
1178,8024
6334,6979
5316,5284
1370,4300
7700,3121
3064,6193
2611,3602
5249,5399
6335,37
3220,6302
2032,2478
4234,8122
3005,4739
1734,1137
1914,7536
2197,2839
1434,4646
8646,6003
8771,266
400,6134
1528,772
9665,7888
642,4067
8823,2941
4631,2040
5911,455
965,2431
4048,3141
1959,6816
2768,910
7967,2643
9574,3246
3116,4529
6408,941
573,3569
6283,2328
1260,925
8785,1096
3498,934
3479,3684
5947,4047
9804,3540
4109,7038
4284,904
5330,9932
6815,8278
1779,6782
1581,3009
985,6398
9757,4133
5745,8978
1608,7585
5025,1036
3748,51
5779,9118
9330,2193
8479,2362
2649,1867
1785,3421
1581,5962
8715,5818
7164,4466
4717,4012
1731,6024
8475,527
3022,4710
6570,5752
5755,6910
4799,6169
6426,6979
2459,9423
7240,7618
1287,3140
3181,4660
5454,5574
3370,7331
5744,398
3868,3160
3611,9060
4164,8391
1424,9351
3420,4152
4519,7233
5623,8483
4219,4016
4086,7225
7801,6154
5648,7693
7905,9425
3213,2625
3861,9362
8244,3389
1166,2422
6038,8024
3808,2409
6316,5513
8054,2008
9754,9692
3992,4276
9142,4556
4943,3050
5155,3040
768,6459
2152,9808
2932,490
2895,1777
1346,6365
4402,4291
7342,2003
7753,7513
6709,4603
3312,3827
3532,6889
6332,2919
4707,3286
987,4135
3430,8622
4974,2863
2082,8382
8164,8559
6423,7702
1508,1049
7370,1365
5933,2536
671,9143
6720,3843
3089,2754
9354,5269
6638,9721
7933,3458
1997,2
7912,3372
4516,9065
7194,8794
6573,6624
3105,4198
971,9337
7914,9577
5408,7228
4504,3468
8914,1942
378,5238
8302,9882
3809,5256
7203,2444
6417,8607
9266,5102
7757,5916
1313,6199
9363,4047
5321,9370
4783,2730
1704,4363
296,5794
8261,9311
5571,1261
2772,6618
6866,4358
485,4984
540,8706
2313,4822
2417,8933
1,7504
146,3469
9126,2958
894,7545
6844,5222
2945,3139
8435,9674
4177,5119
5357,7614
969,4686
2248,654
4642,9810
7826,7857
1703,1380
1361,7565
5395,5462
9113,4833
4042,1111
3534,1755
5687,6503
9889,8397
3063,3278
8372,3258
8241,794
264,2310
1380,5365
1489,6701
6352,7536
4005,2454
3391,6845
1977,6635
3503,2989
3480,2127
3648,5990
8382,8638
4706,1088
1342,5862
7905,6911
5179,2406
7398,6975
5926,7436
1881,2194
2756,2495
1850,5417
4999,7423
1731,1669
6927,8924
5912,7227
1400,3883
3500,4721
6962,1548
7785,8285
6448,6827
1170,3334
4367,3589
9433,4565
1518,2619
431,829
2452,7492
7826,5480
7192,5098
3005,5062
9739,9509
4748,1408
3848,1079
4875,5654
6048,4731
8259,7255
7979,9263
9729,7735
1216,8623
9475,6230
9961,3508
5498,3862
2217,7078
6070,4947
375,8715
9294,3463
679,4905
9416,2766
7247,5662
5159,3395
6185,8518
3946,7983
7996,5848
3740,4418
461,655
8493,8958
3388,4360
6700,3615
6259,636
7653,9903
1071,5066
5073,8578
7962,7227
1430,3858
5936,6530
2938,2162
3203,2282
9548,3073
9467,1368
1649,3719
4224,373
1235,5224
9601,9204
7730,4558
8593,5485
6023,4508
5814,7134
5307,6635
7105,5357
9232,7049
6787,606
5906,532
265,7262
97,9038
4629,5916
3181,3517
3328,8093
9277,3286
708,7802
8602,5041
383,3317
391,7956
4409,282
7047,1963
1014,489
553,5839
1491,3999
5470,6828
4078,6579
7163,479
6063,2002
7541,9975
7056,6315
7308,7416
5814,1731
9755,240
8776,6436
3229,2493
3060,1611
6208,9416
2638,1759
2807,4073
6361,8869
5736,1342
5728,582
9750,2152
9205,7910
8918,5210
1425,6523
7559,1289
1683,5024
531,6052
2001,5432
3247,7148
7499,5745
4461,1679
8504,1
6435,7979
2795,1808
3469,159
6110,7418
1255,8780
1005,169
832,5565
1502,3286
6733,960
214,3402
5135,4809
6917,8524
8600,1512
3860,6835
1303,5887
927,6453
2771,6210
1333,3036
5814,1012
704,6664
7435,8581
3809,3160
7617,310
849,4907
1425,5089
6454,9028
3841,5642
2472,1230
3556,6399
5260,6780
6915,2220
6677,5383
3722,9788
9804,799
2730,6343
2152,1316
2533,9510
5426,7557
3014,6867
308,1158
6929,3225
7655,6983
6043,6002
2318,8725
2339,623
2864,7895
4244,6799
6112,3021
5727,2052
2301,1602
7975,3876
1841,5189
8893,8544
8874,1259
867,6983
6712,2027
1738,1156
7437,4298
4336,7384
4621,4441
2544,6788
1902,3211
3724,947
5061,3828
2733,4785
9560,4067
1427,5666
3027,7061
916,7291
2868,3793
6400,1443
1724,6398
9378,7189
257,3409
3204,6650
8032,1737
6101,8946
188,9278
9219,1924
1739,1344
6517,2172
3255,4956
6842,1073
6375,1259
2987,6130
3165,510
6984,1457
9791,6288
4668,5153
5979,7029
5115,31
1606,6605
3458,2007
1570,7103
8299,1065
2011,2578
9603,5563
8220,8652
2127,4381
462,959
6801,4990
3462,1314
8230,767
9359,2094
1608,2429
2103,8933
3814,5024
5705,445
8849,9336
6917,1612
9287,4489
3076,965
7510,6304
4388,2583
6944,9513
3973,6350
4606,3123
1482,3224
8751,9587
5587,590
6678,2235
9467,9132
3334,5647
4153,9795
8982,2133
3640,2690
1606,9880
7395,9273
7706,7825
1445,6641
4084,3928
304,8516
3352,82
9664,8410
7298,8980
1586,8036
6821,6031
7672,1942
1878,5381
9192,1036
5775,1112
1930,7332
7168,9372
9589,137
5408,1989
7607,9659
7648,8652
2935,6896
7763,3171
1807,8005
6901,7145
5475,9870
2513,2405
5981,5556
7360,9028
1808,1481
3276,7709
6389,4769
5961,9970
345,6352
2568,4557
6232,48
2968,1870
4131,7281
6431,4408
7496,7986
2214,9172
3445,200
7857,9363
5175,9186
954,9758
8187,9638
8446,1663
1161,3997
4907,6611
1489,3791
5577,4729
7609,166
5263,8336
1718,6836
1310,3233
7306,2585
2245,4123
973,124
4110,7681
7440,2301
1771,7024
2089,2870
6341,3834
8098,3613
9002,2
1755,31
2957,1523
1125,3879
6248,1892
3504,7808
4152,5943
9938,6072
8709,7371
9827,7494
5365,8715
2276,5786
4890,3196
8933,5829
1608,6965
8538,25
564,2792
8751,7287
1973,7715
3379,9699
3655,1026
2051,5534
578,9700
7853,3518
7739,4920
7570,7641
8444,5737
5235,3688
2146,7038
9284,2899
491,7760
6297,6649
3735,221
4222,8686
3927,4653
9563,1515
1771,2462
7267,7367
6760,4722
5915,9292
1707,8877
6913,8662
3160,8242
7409,7212
3898,894
4885,1431
6647,9128
5230,9274
5419,1129
2251,6818
7827,2022
1120,6965
1015,5103
557,2944
1728,573
8891,611
5875,8943
914,8711
9748,3144
2075,8274
6186,6805
5600,8043
4090,7211
1827,4773
2558,5089
4879,5037
993,6849
8515,8288
8640,7467
1115,8413
9040,8192
1139,6526
7782,1582
167,4259
8983,1509
853,4339
1022,9087
7691,8267
4381,9180
3708,7541
3295,9399
9527,9292
7358,7708
4812,2953
8173,6377
5371,1199
9653,4845
1133,2402
6118,4482
8401,3667
4121,2291
9354,5084
5101,2223
1096,4621
5407,3610
8480,5798
1806,6190
5236,6550
1221,6780
2335,4731
3507,5359
5801,6384
4911,7684
3371,3654
7932,9717
557,5374
375,1014
5272,7461
4349,6971
8326,2344
6428,5431
3136,1519
8539,2926
1925,718
1710,8848
648,5201
4782,2030
2022,5780
5469,6604
4453,4995
5138,9024
3931,6736
6220,3873
780,2138
6222,8552
1741,4358
6714,2962
5340,9523
5466,1333
6517,6850
9898,224
978,1851
2985,5197
9876,541
9976,5014
7857,4774
622,3532
8952,8852
1430,7037
9907,5630
9688,1715
9739,1831
2758,447
8526,847
5894,3343
9473,1956
7672,2020
124,9455
3694,3076
6265,2565
9369,1573
8219,3418
6719,4981
6199,6905
7200,9238
6392,8458
9323,9012
5446,159
9700,9945
7330,9500
6467,5768
4598,6096
183,6113
6182,8125
138,677
3114,8135
6584,7185
5469,7798
6478,2319
3668,9293
4156,674
3041,7314
9792,6847
4137,8675
9940,5336
4814,5793
9081,1533
1794,8244
1888,3493
5654,1027
6259,1093
9124,2374
9269,7062
4148,9886
5005,3360
6964,7002
626,9016
7170,3995
4360,1098
468,9048
6221,4118
6157,9743
2383,9558
6634,963
4650,2885
2796,9637
6798,3719
4593,9834
9397,9959
786,6742
1601,2120
9423,7055
8700,1079
5738,4288
3129,7868
7119,337
4396,1084
2373,3478
5403,5664
5801,328
8492,9888
9846,83
2476,2995
1981,6027
2251,5839
4876,1684
1137,38
9086,1850
7365,3715
4941,6035
8637,9532
1329,5433
8887,7945
685,2097
1234,9938
4075,4709
808,7532
2205,5208
6170,7275
7227,8340
8032,7950
6370,1916
3748,5316
6151,4962
3520,5162
582,7126
1885,9290
8500,8925
7322,8365
7623,8471
7117,9057
1139,6633
4143,8423
4881,6301
57,7581
6558,9024
3859,9988
2811,1256
3014,5164
251,1329
2444,4282
1032,5661
2518,3499
1034,4490
3482,4963
4185,6301
5360,843
7165,2311
2160,519
5822,6050
9297,3041
8058,2051
5300,3894
1992,4828
1277,4003
4193,2042
1296,7114
9222,7659
4084,6492
9606,9597
5748,7790
4451,7300
1833,3205
8641,464
1543,6735
7188,5557
5434,4930
4432,2916
7563,7341
5001,5133
9117,7011
756,3281
5005,6539
8606,8778
7298,9115
8222,6787
3983,9428
1237,1384
4257,4252
3240,1148
6143,9260
6663,1569
9245,889
3483,6829
5060,6826
7953,8315
3210,1424
8919,3366
185,2866
9653,8861
733,1800
5197,4646
7184,6011
2897,1342
2904,5572
7199,237
6732,5153
1246,3338
7005,2720
7657,2831
6560,8473
2069,8634
407,3276
2316,8335
3282,3005
576,6324
1352,5292
1883,8561
3307,5435
3604,2565
2271,864
1263,5198
4418,2508
1915,3923
2062,800
3563,7359
9594,3770
6284,4084
8427,5178
4172,4598
7145,9701
1141,7569
5285,1006
4696,6019
8165,6106
930,1025
2531,7074
7170,7802
873,9798
694,1267
328,1944
9111,3082
7417,2786
4743,4675
7497,5366
3153,9908
3430,4008
8506,4031
8964,3646
7216,8897
2710,2770
2447,8769
9628,1156
1514,2646
4566,4598
789,376
3112,5174
2723,1308
4708,8387
1621,775
407,2107
8195,5403
6646,3307
6152,9423
3596,2453
2423,5029
8841,5729
6973,7803
5993,4673
3691,2542
1993,3362
5745,7540
6933,59
5321,4850
1355,6559
218,5283
1523,3945
5185,2868
4679,9507
8366,3672
2562,2625
5982,758
9433,876
6150,4591
2194,8984
8305,5204
7206,7808
2452,9241
8322,6185
8222,1589
4182,9409
579,3956
7297,8919
3861,3602
9227,7457
4012,9322
4220,6985
6680,2871
8315,5962
1609,5981
9693,2715
6082,9852
9336,1074
6400,5706
1718,5135
1215,4426
3246,8148
297,1238
8523,5867
5367,8507
1920,7369
7126,6538
8337,7149
2942,7530
4360,7584
5173,748
6390,7024
2600,1809
7786,7401
4857,5202
3603,4993
2959,4037
6867,162
4078,2173
6620,822
8791,1855
7586,3351
7299,6634
2528,7994
6488,6201
4028,2575
8368,659
5342,1556
1297,4581
3429,7668
3693,8320
7323,7601
6667,7957
583,3394
1455,4805
7712,7327
6714,1688
4750,9827
725,7088
3512,280
2528,6362
8178,6066
5239,5231
4612,4397
7636,2559
3691,2833
9755,9326
6945,7981
6545,8337
3553,9227
4754,4950
8039,1277
1472,8761
4833,7193
1324,5722
9832,5522
750,8530
7877,1291
8794,1077
8909,5128
341,4502
2700,4158
8695,3538
6810,5387
2097,7856
3181,9329
2792,1634
7822,4511
5506,8211
6031,2971
9711,7739
3630,5591
1646,7794
1537,5839
5287,1112
3254,8574
2519,9963
1409,8
1638,8871
4218,7794
6476,3082
2291,1415
1455,3368
2749,2321
7436,7374
7180,9807
5002,8101
6630,6327
9862,5115
7776,7423
7216,6502
7983,1529
5777,4650
4269,5928
8292,506
4251,4507
3831,2469
1730,2963
2725,7121
3789,9394
7100,1182
9373,9636
5439,3375
3913,1609
725,8974
7323,1693
2868,3187
2248,97
1270,9709
265,9854
6473,1250
5857,1794
8946,4888
7987,4300
4845,9817
6033,485
5420,4201
9326,6615
3711,2313
9463,4742
1602,6892
5340,4787
7490,4010
4992,8662
7208,4965
9536,9131
2750,5342
5278,9725
2220,9956
1666,2311
5855,1029
8516,2548
4058,7910
9546,2007
3412,3157
9962,2430
785,9626
428,6641
6518,8685
39,6057
2224,8331
6496,4265
1375,1966
271,1047
711,560
8530,6312
3987,6458
5463,6132
7899,5661
8845,6699
290,14
2203,648
9155,414
6619,1681
1210,2657
2724,5712
2327,1532
1377,9062
8752,684
6019,9337
5201,2667
8431,2101
4850,86
7148,6336
7928,6726
5300,3321
9148,1077
6735,8976
5593,4033
6278,7813
9709,7211
5007,6660
4077,6732
9701,1668
6066,7982
3120,7149
2947,3093
2873,8435
8269,4519
1517,3312
206,4867
5578,2384
1679,8745
8412,7404
6274,9228
5463,8459
7907,6613
4225,6830
2076,9490
5597,1476
5035,8546
2675,5379
957,7112
112,6052
8993,8128
5308,33
9360,8070
8057,4813
880,8275
8413,1699
5380,2553
5669,3945
5222,174
8148,2822
515,3194
9038,9628
4373,9006
9976,7688
1758,621
3616,845
9633,6697
4549,7883
4610,5182
5899,8446
8981,1509
8217,994
2412,1876
922,5680
6627,4819
3541,2498
5671,6995
1209,2004
3965,6602
7451,4910
8080,561
7087,7012
7705,3599
8842,2566
762,2746
6510,2206
76,2759
6032,8942
5193,8406
397,9053
4284,2399
8314,6936
184,8694
3317,6510
1484,4793
9673,1646
1455,1356
4814,7604
9002,9404
6544,6860
7770,8921
9096,5812
7776,4254
1915,1275
6203,9519
6963,399
5831,952
9659,5162
7228,4534
4025,8258
5225,7060
3812,8633
2816,7943
3555,6451
5970,7274
5996,2624
2960,2396
4170,5599
6309,7493
1717,7074
125,223
7375,6376
6688,5570
5095,7917
9490,8895
904,8419
7141,9027
180,3796
9617,7532
4634,7127
2099,8102
8046,8321
1094,9313
3707,5118
1595,5529
444,2666
1453,3684
9899,9277
914,4092
1049,6086
932,7148
9670,23
7754,5321
203,5618
6769,359
8044,5294
6132,4571
3399,2919
86,2388
9896,6018
4940,7170
4817,2978
9270,708
5842,4256
2722,6345
6195,1787
910,1218
9918,4687
4094,4982
5440,2372
4973,4319
7121,7085
4279,4845
1570,6560
2295,5202
9924,4893
9081,7708
9394,2553
6231,3199
8991,9050
5000,6356
1966,1686
197,8670
7181,4206
6798,7862
5485,5063
2488,5160
5786,4471
6999,4272
8507,4027
9299,5356
9530,8630
2281,7551
3513,3072
4268,1828
3141,3848
9052,4346
5991,3532
7360,8643
6834,754
6428,8584
486,3739
8064,4926
1544,7368
4437,1678
5922,1488
2407,8288
4458,7903
5342,7475
782,6038
7881,6838
3471,7725
9287,2396
4534,2792
944,9309
7297,9507
8985,7993
6444,500
5876,6465
9750,3273
2591,2309
2692,8872
4211,4319
4969,3793
5159,8308
9078,6216
9354,2929
1769,1937
490,3251
3369,9938
1832,7932
9094,2543
8437,2742
2053,6619
8557,2109
8064,653
3626,490
1010,878
5246,955
1027,5993
8887,5013
6518,1425
2170,8555
3160,397
1481,1324
5368,8396
1941,4514
2388,7304
1437,7089
4990,8395
1008,4027
569,3051
2668,4492
809,6777
7706,6103
3068,9369
4183,5295
4431,3603
2997,2440
7515,9323
5329,7557
1514,6864
8292,4202
7538,8670
449,4126
8021,6282
3922,4548
941,2513
3899,6668
3039,6280
4857,2430
6170,8993
1274,5925
1545,1170
8170,111
4409,3147
9570,7270
3442,9543
3423,1689
5092,2180
4890,7250
3229,8080
793,7832
2652,9905
1547,8467
5864,4713
9739,731
7411,3860
242,1530
9133,8470
3942,7882
2326,9575
2417,16
9789,4244
8508,6365
6521,4902
2519,3372
3023,5080
963,8093
4767,9041
2623,2146
3854,3402
6416,2438
4481,5567
588,387
8127,1715
522,1890
6455,9972
5070,3084
5529,6412
4059,1111
8854,8427
1096,2879
8523,8896
8747,3415
3957,9095
9131,1012
6624,6319
3906,5700
0,2524
6454,638
6659,9918
7353,6244
857,120
1116,6127
1992,6029
2953,7250
4336,6569
1866,8304
8214,7091
4023,2745
2120,3856
8403,9397
4026,327
6920,9165
7262,1840
2138,1371
6697,6263
4330,1259
6214,3034
2122,3900
4267,2122
7169,5890
1937,3371
6251,8593
8694,6540
9529,6168
2931,7162
3895,8472
8879,7596
6929,6837
5889,7977
4663,1414
8791,1281
8821,4400
460,2442
191,633
9314,2740
2731,8895
21,6913
6120,524
2268,9231
3554,2478
5082,6117
6501,6350
9080,8706
9257,1444
8515,5534
8581,95
8047,5176
3951,8531
1851,2911
4710,6639
4554,2019
8770,1285
3510,9690
9525,3400
6413,9697
990,1909
2133,1710
5809,6929
2147,614
4476,6459
7706,7573
2945,6255
8927,1453
5003,6046
5700,1894
9753,9494
5011,4318
8902,6774
8180,361
6981,2174
8744,2664
9541,9381
1112,7481
4594,1729
147,5805
1522,5938
6998,2661
3966,9367
3297,443
1940,4935
2891,7616
2055,2181
9665,5080
2968,5190
6840,8263
8087,8298
7401,1251
6998,7685
1733,7369
3985,1359
2910,5628
7940,7135
8525,271
8514,9886
534,2499
553,9944
573,7578
877,5049
3621,6542
388,6189
7776,7762
5618,3549
5091,1359
5107,6877
5601,2427
1446,8832
1015,1240
9623,5972
8828,1056
5669,4112
6341,1944
7501,7665
3310,6763
3376,7088
7157,832
5599,8028
9448,2026
6747,1373
2295,9963
1893,286
350,3662
2664,6158
6393,1666
7437,900
1218,1395
984,7007
8856,7104
1990,7029
6104,9890
4518,3514
9477,3569
8348,7336
7900,376
3052,4149
4682,4517
5056,4285
5577,7652
2934,2174
7195,2210
2752,3254
1637,212
4950,5677
1773,1851
6188,5556
4671,4680
148,1361
8570,47
3679,6276
720,3272
3420,91
6102,9869
5834,2536
1817,7866
4025,4935
5267,9
5624,5012
5433,5129
2888,7953
867,1607
1182,5227
9231,4579
2973,2783
6522,1823
9443,6540
1673,2874
5307,3310
7997,7882
7938,198
4070,154
858,4968
4584,8621
6974,6058
3798,4559
1449,5579
1367,2940
6391,5080
6758,146
2825,2762
8305,1917
1036,3900
4476,5861
6318,5568
7360,9245
4684,4059
5326,6872
3292,8438
362,4731
3310,5065
7857,5037
3085,5927
6428,7577
7348,2287
9466,4917
2496,712
611,5301
5449,5224
2228,5860
7383,7321
295,2713
9775,8375
6542,3211
9393,276
3794,5786
4562,3188
8541,183
4523,4150
733,6325
2113,6439
6330,3050
5059,7276
8249,9256
7618,168
1099,1608
296,289
9126,468
6956,2150
8570,7566
7671,7792
8999,4073
8263,1148
0,8289
341,6130
807,8440
729,1267
7390,7524
649,5547
2425,4820
6981,4445
6793,1469
7909,2196
5195,8922
9387,8842
6454,2514
8465,9949
47,9831
7803,7027
7246,9096
1120,1991
859,7874
9824,3594
8523,4276
3123,8292
319,7965
4886,6165
3107,9226
5962,4005
7399,8534
4102,1519
334,8649
3340,3445
2667,6974
112,5730
4105,4034
428,5414
253,5793
9228,4356
8364,9908
5093,4849
4514,2996
5547,6187
6345,3630
8313,9586
8434,3444
8675,8781
1744,6857
1926,8584
1510,9743
7140,8269
9604,7341
2247,6455
1034,4782
3713,1017
2509,4077
2443,2924
2304,9180
5513,952
3043,7874
1122,6226
3566,7761
5279,8370
1268,9855
6494,4765
9256,2262
2091,4185
129,3372
9403,9296
4877,5230
3919,4584
6380,9306
4277,9453
3001,3047
4657,1070
4753,3691
7503,5890
4700,828
2889,2912
8362,74
288,5984
5694,4813
2655,7436
2551,267
6326,2673
2384,3197
6322,4588
398,4720
1181,9464
1594,5445
3600,8927
7216,1527
7477,9562
8740,5279
1211,6587
7915,3320
2714,1682
6094,7794
7535,5582
898,7855
8490,5235
1485,9859
4467,4836
2881,2918
759,5219
9452,7086
9500,353
6755,968
528,6077
1564,1459
123,3183
3952,4801
6900,1435
5659,2946
1958,9943
9225,6564
850,2101
9836,9556
9935,921
1992,7576
9956,6132
2220,2669
7615,7406
7790,7488
330,2337
7607,4902
4919,6123
2799,6831
7533,1232
4908,2244
2149,3907
8721,3688
106,5969
7444,5542
3875,8028
6927,7175
1809,9889
9830,9164
2750,4017
3673,2445
4970,6355
3802,3625
1490,262
4410,9353
1234,5332
7178,9016
5489,7421
5690,6783
6309,4194
5406,8751
608,5548
5526,8964
3665,1480
1546,1988
2744,5686
8661,1801
8508,9649
3960,4323
3092,727
6028,5354
5586,3904
3045,8092
8299,1466
2767,5142
9129,3085
3007,653
4367,7167
7165,2661
768,5191
4092,329
9163,6329
74,6352
8237,4011
1607,9584
9265,1829
6519,6800
8226,1800
5400,6906
3282,3143
7290,3833
9454,1498
1448,852
7772,3234
238,3311
7130,9845
8204,7263
9401,5086
6706,2500
5146,174
9046,9579
1252,962
9931,14
7055,7674
2520,8406
4623,795
5006,1793
9022,459
350,4556
441,9142
5464,4299
817,5006
8494,2054
4739,3178
5566,849
3910,4462
2858,4130
2148,6706
8328,519
7142,6786
8335,7866
7940,7892
5986,7490
8579,1989
7866,7927
7219,9404
5843,793
7523,5791
2414,8675
9015,3619
2914,3000
6852,8631
6063,7152
6302,563
6050,4819
3029,2257
9908,8617
7907,4217
1786,990
5868,1915
9018,6614
619,4868
2762,4483
2567,6573
4598,49
8946,3577
9859,4177
1549,9554
5029,9351
1003,4352
3474,5676
4672,9742
5077,6069
3039,9681
7376,2931
9236,6872
2315,3684
9757,8076
2281,1240
2396,1106
4560,4701
5070,7763
7214,4918
3077,6732
9767,8690
8038,5659
1595,7129
1406,2409
367,3131
5657,3181
8205,9221
469,514
7244,5696
2418,7603
2347,9298
4643,719
5183,4434
6777,6481
3947,4046
7368,9408
7497,2786
6300,4529
8552,6814
1495,7492
6515,933
5349,1192
9541,4383
7507,520
7073,8380
3006,9884
6454,9940
2344,2791
4616,5121
490,9071
9018,4814
434,7211
3124,1913
7907,9729
7623,7718
5842,932
1238,3240
4535,8697
3086,9337
8425,3353
4249,7790
9219,5514
4549,8410
7324,4221
8150,3767
8535,4570
5407,3930
8028,7652
6796,6140
3634,7166
9967,58
9676,36
7305,5467
2971,3386
4049,4226
8735,8664
1826,155
6297,2863
4692,5505
1670,293
4155,1955
6823,5900
1691,4265
9791,8085
3667,6208
2370,5786
8756,4749
2803,5798
8042,6221
5837,3635
5987,2838
4550,7316
3561,5283
1554,9679
6064,1916
2592,5704
7691,7409
8321,9466
7416,3933
1848,6314
290,8212
9560,4733
378,469
532,4377
2288,2622
3010,1945
2313,8786
946,1895
8285,2749
7675,4582
1012,9961
4481,1745
1339,2847
9933,796
709,3904
7077,5088
5528,798
3218,7010
8738,1223
4259,195
57,4653
8394,2505
9443,8317
4724,8829
644,8093
7358,5642
5427,9721
1256,2511
6638,2263
9455,4006
7744,6291
4870,5553
5617,5430
2566,6203
4550,1137
43,20
5430,5595
1247,6879
1583,444
1972,3083
4358,8382
1711,9104
1376,6619
3984,588
2354,5170
8698,9975
115,3997
9397,386
4568,4883
8562,2031
4597,4586
7158,7655
9552,1065
1912,1369
2595,4345
9442,6981
8749,5797
5296,8096
1703,93
1267,6816
4766,4311
4297,602
8157,9679
3515,3718
3501,1422
5356,1755
5448,2340
2455,7250
9523,9457
780,3591
5395,9249
7258,852
9814,8784
1497,5940
4086,4598
8711,9257
2923,9193
3345,2199
5699,2602
5941,2100
802,329
9598,3959
3552,8815
4073,4307
5711,3860
8496,9263
2254,9208
8650,234
8847,2498
2725,874
4501,5595
8372,3120
5218,3089
2912,4594
4272,5895
9955,4318
8918,8542
5279,2600
643,6842
8859,7737
1296,1126
1005,1532
6280,9235
2979,9154
1595,1883
2509,4000
2159,2935
6200,4132
9171,5754
5704,4997
729,6143
9531,8424
5628,1070
4046,2796
914,8448
7121,5673
2677,9178
3571,3194
1944,2427
1401,935
9514,7565
1889,7998
9515,6922
6662,516
6062,8333
164,9577
8682,739
5036,1791
6565,5025
7785,6984
3950,5333
507,2949
9563,2098
5764,9007
3131,9006
1011,8390
120,9476
9567,6684
1873,8638
1838,5108
3124,6706
4053,8647
6580,1419
9405,815
3107,6011
3098,9307
5112,7800
3846,7144
2335,4096
3139,861
5430,9164
7720,5307
3786,2223
8659,405
2515,9527
6469,1270
4563,7458
5750,3452
4403,1963
1927,3304
7827,3559
7547,802
8838,4770
5880,8252
2544,8107
1035,55
7745,5884
6708,3367
148,5849
1717,274
7785,1193
8726,7654
3473,7188
29,3949
457,6071
7920,7215
7904,5846
8258,5611
7158,9821
8627,7313
8023,2513
9497,4764
864,7779
3420,3646
5029,7876
6704,1233
7627,8088
7198,1952
5291,2539
1660,1867
1313,1081
1998,3699
7262,7375
1617,8104
6467,5901
6500,8112
9661,9178
8561,6531
4590,4984
1237,9641
4898,2058
8813,4756
94,4660
8833,446
5996,8674
8520,3264
4858,4072
6936,391
4632,5652
5014,5935
8738,7620
4242,6742
5794,7969
6832,3467
1492,61
2800,1451
2931,4234
8262,9482
6503,8946
5107,5914
1183,735
434,9856
5197,3147
5914,3224
8623,4010
5031,5105
187,220
5811,4643
1604,9157
7588,3564
7616,2519
9852,4120
8495,1703
8720,6235
5501,7729
983,6684
7143,4994
7724,5510
7830,9643
1514,4733
4076,6738
226,885
4981,4608
6067,3257
8537,7098
705,6318
3548,3464
6681,8873
5956,9763
1365,9686
7784,6657
1627,6368
1342,1241
2204,3581
4945,6824
9817,7075
4396,7670
6535,6989
8275,6429
6717,1078
6026,219
2862,7075
9773,9035
2537,678
7251,3263
2203,3966
1055,7447
7329,5625
8196,2422
4409,1154
7545,9428
7327,2456
288,5626
9901,6647
1852,8826
5319,7481
3516,7825
2177,9939
9925,2955
9339,528
4909,7758
1038,3606
8635,3233
3837,2462
4585,2318
8998,7651
1007,8599
8929,6854
895,9979
8388,963
5916,6354
9902,8534
9038,6929
9602,9379
474,4531
3969,9221
595,2151
5365,572
1468,2895
1854,4308
9870,3155
4103,284
8275,931
888,5274
5172,3800
3342,6601
4017,2917
4587,5147
9682,5452
407,1054
4854,4957
2184,3861
4539,5933
477,1295
2038,1788
5973,8622
4807,7273
9229,8269
3803,5146
3079,1497
187,6035
1458,6667
9300,5237
6960,2365
3546,6440
8635,9439
4049,5660
7646,422
8721,5657
7512,6805
7706,643
3993,843
7235,2009
5361,7040
7075,6772
8175,4075
9247,2030
5080,6821
6462,2900
8322,9718
6125,6709
1797,4936
3769,9014
7451,6566
7894,790
6503,8877
6470,9333
5328,3443
3036,5949
5267,6914
1036,7942
2158,4621
8304,2373
4150,1047
4921,3782
2839,3194
9804,4747
4709,5274
4314,1788
9416,902
3682,2586
8983,8657
5134,8876
6566,9468
200,1379
2027,1923
3147,559
8706,9095
440,7903
4163,3119
9397,8987
6893,963
4952,323
7000,4927
302,3020
2393,7533
657,1667
3289,9450
6937,5429
387,8762
8547,2938
6332,5226
5066,6120
6196,2613
8846,478
5699,188
6921,4366
9832,4058
4766,9328
1295,5072
4548,1117
2073,716
7129,7438
9369,7820
2413,4689
1104,1400
8964,6530
7387,5630
6368,1296
6043,8319
2045,9101
5847,2930
6457,3244
3951,7062
5566,9520
7374,304
4331,5478
7977,7575
9186,4255
2767,4893
6541,3168
2280,1400
1469,5246
5880,5730
5106,3570
691,73
9652,5373
6465,64
4556,5339
3388,1774
8129,6458
1302,3745
3344,810
1895,5933
6779,9441
8451,9736
4786,868
8839,6697
9348,9715
7834,6240
2323,3165
5069,4070
1463,2017
7742,6033
7148,581
2741,2539
174,3368
821,1804
4773,64
6719,4859
3806,5767
358,9348
8825,2407
6614,3300
1475,1459
4737,652
20,8797
156,4034
992,8070
8780,8510
3033,453
2593,1414
4541,4091
4925,7796
3476,5002
4074,4718
8237,9324
4708,9438
2924,279
7731,8470
3171,2018
3221,7642
2633,9173
1833,4298
962,622
7203,2319
2140,9823
913,6532
9245,393
1377,4455
6616,2578
5154,8897
589,8474
3613,7196
3889,3848
2944,5992
4528,6997
482,8561
7915,8700
4456,3378
7379,3641
8320,8447
7526,7225
866,759
5665,976
246,1516
628,9411
3175,7007
3012,7423
7617,7018
4468,7895
8071,2446
9463,661
4782,7628
7561,6802
1250,3915
9194,9028
4974,1007
3280,3987
6389,6176
6572,6395
3698,8760
1585,1030
6867,8773
7793,4644
423,7627
6378,5863
7320,9668
6525,431
5482,7505
9501,74
3428,7126
6322,857
6553,1198
6293,8177
4613,2297
4205,9783
6461,6071
88,5396
7358,7984
2368,8722
1298,28
737,1088
2748,1441
4335,767
6114,4097
627,4397
7548,1583
5669,4735
3888,4959
4620,5855
1142,8685
1595,8657
2302,2027
4039,8527
6985,6247
450,6144
1336,7511
8844,1509
4153,3811
9200,9761
9314,9944
4985,2453
7374,7747
5214,8070
7070,7851
9031,1068
7067,8370
1274,7784
7569,8777
6238,5837
4426,1939
6213,3788
9605,6046
9833,8546
1853,6091
5687,9999
4109,3613
4527,9666
3916,477
6527,6797
3305,3088
3431,4060
2759,3868
1163,6948
3688,3029
5452,3936
8265,3555
5974,8991
9390,3868
2288,8126
6125,2668
6361,2338
8733,5272
5864,456
7922,50
1059,1822
3588,8495
1676,9394
5913,246
5736,3034
3389,525
2078,2834
8535,7594
1719,401
8958,1807
828,7754
2638,2597
2298,1595
4853,6565
927,4546
7905,3448
2560,3654
7555,3153
7000,8815
4736,5597
2549,574
7517,33
7030,3008
8516,2832
2651,1044
1172,7691
7581,1973
6743,7700
1544,4797
7258,311
3608,2976
4800,9438
4728,9952
5929,5320
4578,9607
4166,114
5410,7886
9762,6377
5042,8054
431,90
4307,2622
9195,3440
135,8541
2520,8555
9338,7531
2593,6871
1355,5921
1740,6931
848,5820
8333,3092
3848,3245
1999,2575
725,7138
1130,9689
1124,1146
6495,3052
4184,7546
7620,1157
7676,9326
379,1645
4857,8681
4525,6606
8500,9824
7345,5357
972,5825
9838,8334
1711,2121
567,9933
7882,4851
9951,2151
1254,8667
7827,2440
9831,9732
8408,5513
5662,5306
7115,4037
3053,9219
7119,8302
8133,1110
526,107
3258,8802
6935,7385
6693,6987
7356,8271
163,8332
4451,7218
9823,6455
7629,8212
2703,3505
3407,4256
1961,3601
6022,4793
5722,7033
2004,9956
7070,2397
5210,526
806,2977
7595,2202
5810,8608
1819,4782
4502,8610
9815,4151
6974,7477
390,1505
5050,6746
3856,6239
4488,997
2178,9030
6000,2122
2958,6901
6180,9398
688,6333
9241,2890
1073,3029
4578,5975
6936,9967
7020,9693
8600,9802
691,1385
2342,4500
967,4927
7597,1303
6104,4161
6284,3400
6159,6423
3091,8778
4355,9498
6827,1794
1574,598
3780,849
3957,4047
6698,1892
5510,4074
5456,4201
6501,4420
7682,8101
8767,6331
4529,1628
5613,1553
5449,2837
6330,8328
4990,78
640,4091
7904,1961
6024,3491
5856,9604
5905,2115
3022,4779
412,9948
9226,4443
4143,6587
2802,508
8865,6356
2541,3916
6330,4282
4231,7515
8625,880
5232,9874
9075,1993
2811,1755
6697,9906
6738,5099
2952,1265
1988,1623
5189,9496
892,5483
2057,5865
4589,7956
8783,27
4071,6942
1984,3003
8229,8786
4767,3987
3884,6804
5853,1593
5396,9246
5698,4909
6893,5206
7178,8202
9510,998
7376,2821
2584,6437
999,3199
4620,7406
3469,6123
8120,8
7812,5811
7424,3103
2852,3745
4550,5909
5445,8600
5213,1308
8377,8334
8962,6956
3539,6933
302,3234
1068,3532
2409,4016
3501,9090
7813,6249
5066,3410
5289,9133
9042,5629
1715,9349
5822,1409
2713,8755
1551,5995
7263,2191
3395,8347
2629,7451
1653,4132
9285,3593
3047,4734
1465,2247
6521,2218
7106,6472
7303,4237
2259,7276
5316,994
3599,1861
5691,7081
5039,6910
8853,8327
8955,930
4147,7821
8752,6488
5667,5695
7459,9588
8466,1189
8788,9826
4997,7202
4156,6353
2793,7319
2965,7497
4800,3466
2347,2069
2076,9699
6347,334
4093,6846
2692,3131
1492,8997
5900,8500
8893,631
6575,9002
4172,1922
5665,6858
6615,4771
6657,3329
5366,3743
5823,7292
2810,7218
5129,189
4210,4795
8642,5935
7902,7241
4747,9555
7190,3384
7109,7088
513,6933
3099,212
8212,8537
8370,2513
2051,2268
8823,939
6865,9141
2293,1554
1386,6998
7851,9337
7238,2174
8036,6770
7683,7508
5670,9839
7665,1150
9689,2390
4839,513
2147,1789
8149,4848
2906,2729
8243,5691
7141,6381
8143,2255
7713,2065
4859,6679
4173,2
224,4183
5657,977
5286,9106
7470,4372
441,9612
6134,5454
3941,2521
6802,5871
7917,6915
452,6769
2041,8216
614,43
7246,3407
9845,7570
1144,4399
1210,8496
3157,4100
215,4719
3559,5394
1032,7246
8389,1719
1486,6561
7637,1021
8247,8805
5666,6000
6098,2917
2323,714
6413,393
8238,1156
2205,1599
6650,3179
9076,5272
567,9771
3986,8620
8607,2626
9023,8850
8702,8205
1111,222
5003,7978
7464,5487
7744,2979
9607,1767
824,6476
8538,6229
3493,1681
4906,678
2201,6490
5437,4012
3281,8950
5976,1521
5848,3624
3557,5095
285,4950
5801,7000
2848,450
5037,7382
1492,3481
9064,8552
3836,5230
8822,2857
1499,1534
8541,4944
3816,986
6837,7412
829,9337
1688,8538
6133,966
2391,9459
6064,9414
9883,8760
9543,7549
5661,6143
8227,6040
7672,9485
6499,8555
2353,5570
7315,5969
9919,2533
1918,9458
3586,3136
3799,17
736,4299
4776,6621
3272,164
1264,3114
5596,8596
2325,115
2596,3786
4659,9547
889,9517
7784,6363
1252,7835
3120,2527
4728,1282
5922,5176
1792,2044
3214,9725
4999,3522
8353,9276
9983,7603
9377,438
3101,3925
5829,8145
3321,4102
7533,6142
7599,8472
9865,8982
2047,5331
9553,3003
7909,5770
1741,6788
6184,8991
5823,3669
4238,8933
2622,3380
1535,7610
7540,8381
3526,9853
4240,6507
4426,5711
4044,6048
2504,6099
8592,2289
5762,7192
8027,9640
5736,8148
9162,1264
4370,1086
4518,6735
6836,5305
9460,3872
2179,9726
1511,5314
1888,1940
7391,9297
3600,9348
4099,5053
5403,1359
1621,9186
9720,8599
7823,1880
7068,444
3574,260
9411,6987
7612,3075
4426,616
9701,2472
4718,6334
3999,5437
3423,7445
8957,5265
3012,6308
7766,2287
9133,9891
7021,1277
8656,8168
6736,6780
3491,141
5106,485
7017,2914
9000,7004
5580,4652
6254,8443
7904,5764
995,4331
9406,1180
7885,6614
5954,2423
2625,8592
9648,7997
4758,5542
5145,1105
162,5012
1616,7478
1569,7815
2532,7800
2553,2342
7009,4464
5430,8957
7719,6541
8709,8334
3251,2774
7408,7004
7125,9978
7417,9721
399,1476
5254,6735
7404,7127
9980,675
6590,3934
5529,429
2322,9216
1552,3939
2242,1045
4807,6220
2454,4346
9704,5316
3697,4835
4528,9966
7001,3915
4799,7357
3192,6549
2311,4486
3092,1283
1411,5998
8911,8045
8006,5331
8414,5
4389,4076
2866,4773
5096,3728
3604,5662
9179,3447
4637,5209
1889,7499
2979,9751
5946,9700
191,1724
7727,6910
3637,7043
5059,8463
6023,946
4771,5451
4445,7950
709,2732
3038,6925
5387,7217
6598,9795
276,5356
1213,9176
9728,2713
8016,8670
7593,3931
104,7987
434,4580
2838,4650
7986,77
3284,8667
9072,256
7844,2588
1926,2469
8407,6476
9155,9465
8867,5235
7041,3236
9477,3903
7575,93
5596,5448
6640,8996
7644,4822
4155,9111
6933,664
4112,2983
5908,7302
360,9946
7760,3052
2829,8205
262,1729
3081,852
9884,4655
9986,8713
67,8857
8707,7577
740,292
3368,1587
4458,3566
5894,6514
9868,7493
1250,899
3125,1273
5582,756
4135,873
3981,7403
8349,8937
8452,5261
6233,9874
1429,9221
3549,6745
9909,1153
1963,5405
8922,9210
3695,4598
5442,4773
351,8901
6804,5147
4081,8234
3,7741
7023,9917
9514,8629
1195,5668
5948,1675
5182,5358
5417,1947
5677,8882
7271,6237
668,3042
6996,1809
8749,4615
597,7055
1049,6783
6697,1512
6757,443
4486,1036
969,4831
3471,4481
4497,9689
1743,460
7458,60
7840,9900
4311,2294
9495,4340
6905,7712
1231,7429
503,3767
8139,5020
3630,7635
6186,2019
5015,7185
9817,6427
503,3321
685,2969
874,9212
1891,7599
8958,6838
8879,8403
8598,4225
4836,4990
422,1095
315,1194
7702,2464
4742,3869
8647,8357
9600,5260
215,2262
5018,9811
5496,8928
4870,7632
9693,3399
8786,5447
1335,7475
5477,5007
2823,7670
6781,7577
2571,6520
536,7606
928,5826
9513,1492
7570,577
8936,7648
9587,630
9755,3643
7980,202
8082,3193
2597,1618
1199,8634
6315,5710
2182,390
4982,4612
8672,1217
1805,9009
5966,6413
3445,4332
6453,5882
6541,6120
2016,103
9636,8028
4710,3079
1084,7303
7507,8591
4507,7499
8819,634
597,759
5841,6163
6193,583
6261,6980
7776,301
8914,3905
3842,5543
3259,9300
2586,6599
8808,8477
6056,8734
2340,5276
5339,411
7972,3690
947,6177
6392,1538
5600,5660
2300,6197
614,4708
6393,2485
5794,8979
7339,649
9000,7623
2262,6190
8828,1665
984,3634
5877,843
9223,117
8049,1662
5322,2083
7301,5501
1283,4676
3274,6691
7464,1669
3572,3394
3286,1464
424,4284
2193,6334
1617,5212
1549,2014
9520,8106
3773,6705
5459,6669
8710,8645
9279,2268
3645,7184
9017,9506
664,1701
2146,6858
5346,4928
9462,5150
9649,2519
7982,4421
2842,3249
4370,2107
9505,9147
6778,5407
7170,7803
9625,6762
5784,9816
3771,3986
7631,192
438,1025
3903,6849
852,1383
5576,2606
7992,9238
8585,6059
3276,7711
4191,4853
8527,7282
6512,9178
3861,6630
4765,6241
1761,9594
1801,6919
4559,3934
4445,7945
6423,5381
8940,8818
9564,3583
176,881
9604,5804
4750,7798
1123,5622
288,8766
3839,222
7359,56
1199,1851
5129,6200
2225,1231
5265,2111
9126,6128
9168,9483
694,8447
9050,2233
6089,135
2843,4658
353,1234
5740,106
1956,4500
5194,4079
7221,434
356,5441
6844,5438
8452,542
9892,8979
7875,3449
5595,7560
9025,1233
5052,12
7535,1783
8966,8900
5677,7830
9007,9367
6707,9828
6801,9338
1322,408
4649,9123
2057,5241
154,7848
795,1100
9391,8511
5346,4436
8542,2153
4900,9821
4664,7945
9470,7531
5476,4796
4682,175
9385,6217
7220,3572
9886,6075
295,9132
4205,3022
9818,2076
4876,5126
6269,1050
4910,9540
9723,16
1139,4331
7651,5986
3929,4813
1082,5251
7031,9414
2487,9920
2537,7136
4430,8300
8682,258
5868,3510
8343,5353
7300,6625
7958,2957
2699,9282
7351,1953
6905,6889
3112,9029
3204,5229
6746,6246
5944,8265
3725,3794
4208,5447
3744,9247
6648,8871
7593,88
3798,7225
5977,789
9344,2443
7149,8671
6800,7222
783,8364
3483,3392
6875,2729
6854,9838
9573,8293
1919,4019
6908,5746
6007,5074
8374,4508
8087,2443
5044,7695
5332,3229
9773,4331
3012,8180
268,8037
2676,6989
4367,3679
8690,9846
4298,4213
907,7825
3644,6644
7898,8789
6456,4026
8474,3729
1362,2011
7035,4220
3631,1644
1464,6680
7695,741
7023,2148
5214,5150
8185,652
4025,2019
7613,9887
8735,7947
6404,3208
3515,7890
1625,4058
9769,2171
2855,1998
8466,9963
9967,881
724,9845
5978,3222
5502,9947
7193,7209
6998,9470
109,8191
1701,6146
3803,1379
448,309
3884,5092
3334,3708
4513,9304
1960,329
3549,1105
4257,3392
5510,6920
6070,4759
247,2760
2916,9438
9161,1367
4622,4399
6098,3446
1810,9175
4684,153
9812,9885
3923,9387
4630,118
8157,6565
1567,4032
728,8563
6013,3421
6668,6097
6695,2564
6698,1254
6260,1134
5504,3185
3613,464
5202,3063
8487,8351
3500,2307
8345,381
6536,8779
9338,806
2289,9926
9017,5525
6907,2135
1970,4405
151,4169
2085,1755
1507,5458
1690,9653
3210,6153
5914,6
3030,3978
8910,3914
6871,5244
1524,9971
1779,9967
7545,3821
8308,2226
6270,8956
3662,7799
1828,9107
8821,9984
1137,6744
6672,8577
3793,1040
5173,4069
8492,5954
3175,1306
4347,1902
253,3586
405,9481
7225,6024
8867,2119
9871,9726
1290,8275
3088,8420
2727,7450
6625,8007
4958,9024
2974,3761
2080,2633
208,8909
1797,7435
2780,2466
485,1382
6,3010
1401,756
5792,4812
650,6981
7582,3019
4555,1688
4194,6382
4196,2177
5147,9124
304,9328
5999,9289
7853,5332
4885,4968
4464,4348
9407,3947
8452,4233
3323,1309
6113,393
8274,3588
9030,7544
9791,1418
4354,5561
6248,6667
1705,4945
8818,3662
2611,9357
9360,4150
3351,5411
5314,392
3594,4795
8827,4388
9578,557
1898,1560
6581,313
2004,6859
2287,4559
346,7328
2758,5432
7608,9862
5411,3550
3967,8302
3872,3638
3551,6180
2466,5256
6749,7068
68,3857
7289,2000
7096,1378
2930,7214
1946,6258
2873,6909
6139,6348
8312,6037
4431,5894
3015,1124
1343,4145
193,5202
4193,8030
1556,833
8774,2128
4687,4754
138,7753
7565,2949
7052,5773
1695,9331
7103,6
2953,9164
3477,6729
5098,9738
5615,3569
7968,6904
5347,1000
6359,7820
7495,5257
44,362
9042,232
8392,109
7090,9742
4420,258
2384,6876
8957,7289
1374,5118
8400,4906
5997,4163
5200,3541
8576,1265
6221,7047
3341,6409
1785,9555
2798,3249
1585,3841
76,5286
1529,8118
2279,2301
3527,1669
8370,4866
5735,9138
9724,1608
3837,3552
1684,4836
7412,6728
1884,7707
8216,2250
1155,8826
1162,9563
7549,58
3236,5831
2884,4339
8570,2537
349,8551
5855,847
4960,3301
7849,1103
70,9408
2332,8437
9815,509
395,8699
767,9648
1139,5500
6311,9548
3589,2461
4320,5007
9752,9513
105,2381
4424,9530
6899,8029
9501,1047
140,3997
1781,1510
6829,695
8266,2953
6234,5455
2563,5567
1816,1542
9146,4582
391,4699
9331,8595
7513,4664
5221,2102
8978,2561
3335,6638
7273,9515
6683,976
6728,4752
4091,884
3730,9438
7724,2885
8770,5329
828,4630
2406,8532
2160,4319
9186,577
2405,3400
5640,1553
5865,4579
3377,7885
8098,6055
4776,5465
7230,6148
1957,142
5167,273
5967,695
8358,4349
3806,2480
9066,5623
9386,3610
477,6833
4320,3332
5930,2499
3255,1315
966,8703
5762,9305
8561,5141
335,8662
9580,7468
6169,9589
2869,9324
2913,4901
5567,5019
472,6463
8830,3699
8344,4853
5361,2209
3746,7290
7953,9981
9645,1297
8795,8452
5791,7448
301,5367
1673,6416
1381,5048
5277,769
8177,6191
4878,3100
5331,1391
4482,8423
5860,6581
1951,1004
7266,9919
974,7691
5051,7885
5996,2409
2366,8307
8148,7074
3525,3990
732,8665
8983,6841
269,8251
2486,7261
2382,43
2574,4731
1278,4713
2468,900
4864,8568
8893,7410
8777,4253
3772,9013
6272,4025
3240,5669
4992,8514
619,2413
5948,8566
2412,6791
595,7047
8358,696
6910,792
1068,6452
2788,4130
1284,4644
5714,8390
1303,1867
8732,6946
6225,9451
3092,9720
7615,1204
9457,5842
8755,3494
5547,1820
9294,2727
6549,2373
6526,8231
2036,472
4582,7506
6370,8057
6337,2452
1330,75
2383,5723
5657,828
1004,1539
7090,3015
2563,8315
2856,446
7401,9045
3452,7671
6366,8943
1571,9712
1472,685
9240,3850
8600,6654
9321,1434
2331,4584
6767,4876
1845,7956
5613,4904
7948,6185
5609,1785
8757,8025
5383,3174
976,8830
9611,1961
4904,4945
2391,9013
3891,1275
8144,6469
4264,8288
5912,8390
4330,6248
3187,7416
5439,4343
7018,342
7596,7701
5796,5092
8179,2288
4055,6449
1060,8830
3368,8647
831,138
3025,3705
46,6025
6904,7885
9925,5618
4995,6604
3824,7764
7780,7292
8354,7545
7206,5871
710,323
8130,5098
7377,2895
7643,4651
9199,3465
7755,7197
7070,9835
3835,141
2462,2993
5470,8893
3321,6372
8771,1309
8664,9579
8247,5253
9768,9525
170,7656
3500,159
647,3509
9522,192
9884,3542
7076,9851
2187,1380
1731,462
2824,151
8953,3883
9302,4200
649,1142
7465,1882
4446,2639
8369,16
6691,6427
6639,6627
3499,798
5804,7542
4325,7919
4349,5309
9555,641
8929,1065
8626,3543
208,6920
4080,8143
7708,5565
5194,1728
9278,6835
4175,8770
860,5488
8048,4972
8917,9836
1259,2803
4705,487
9219,6604
9882,4041
8542,548
8592,5768
4345,3137
8093,7979
2249,9788
6729,5791
2703,8277
8768,4774
368,9477
4964,8040
8962,6275
2314,3638
7091,7574
4032,1048
6787,6830
260,4844
258,2039
5278,4188
6454,2198
1374,1514
6941,5731
9325,5529
166,7897
6793,4967
3560,1110
5346,814
437,7979
4090,530
4889,7589
5651,3165
3825,3561
1131,1954
9720,438
193,1868
4049,4267
9737,5955
2939,9094
7102,5833
8540,516
1657,8449
5382,313
5667,5159
1163,4334
8466,7376
5531,9108
6283,5335
532,3485
4528,3067
489,9400
6186,1265
7349,8946
9261,2416
6699,6642
1224,5969
1900,1908
371,5200
1588,7157
3643,5104
9259,2134
8783,8997
8346,1642
9983,5455
3279,2471
4782,293
3316,1723
4295,4953
7505,7277
9431,7344
2221,2750
3156,9070
2881,6475
3183,5235
8573,6266
3172,4155
4647,8681
510,63
9058,9014
1161,4782
7126,3070
6879,3781
5402,1364
6049,7180
1533,827
517,2286
5616,8427
3876,3846
8945,4323
7765,7416
5851,5828
906,8759
3554,1290
1953,8258
2200,1074
5141,4090
3704,3219
3725,6724
9332,8101
1229,6467
4854,5641
2987,2414
6657,3531
704,2427
1276,8130
1093,3814
3699,8583
6768,4073
9768,3109
5939,6542
581,1141
9225,2749
2422,7304
9522,7229
9617,4113
8313,9540
7523,3183
5667,6512
7213,4346
4663,2449
7892,6990
8472,5432
9318,1130
52,2371
3974,8033
1753,6903
6250,2799
7662,6022
9545,2612
1126,7696
1020,1298
9246,7729
9468,9954
5033,6629
1807,7975
9870,4844
5730,9276
3979,9784
2725,6192
4960,6830
9461,670
2995,3474
7312,695
7616,1404
700,5323
4444,3936
2061,9440
2270,639
6222,7827
3975,6449
4278,9362
5535,1631
8132,3865
8099,326
3897,3735
8983,995
2053,7977
2304,7081
7104,6057
8556,4094
5210,4609
2040,1600
1673,8252
3605,4528
1930,9284
2219,6985
2072,8231
1136,8316
9448,3432
8429,7252
5441,6209
9751,7264
1853,2974
4460,5266
7010,7823
5319,5474
6431,215
872,2275
96,1361
712,5849
1755,6279
4335,2219
989,6159
1468,6803
4606,2243
4462,9026
6417,4483
4073,4732
8610,4587
550,7412
2190,5281
9518,4554
7391,1495
974,1747
4160,5207
729,6788
2034,3368
7668,2466
9848,7036
2381,4528
8778,172
7575,2065
4163,3467
6349,8778
4708,2960
9053,5881
281,2145
5999,8670
5531,9933
8473,8877
2382,54
5745,3912
2126,3277
3305,4021
8756,4409
5516,952
315,5161
5884,3713
1638,5285
8556,5888
4847,5272
8931,5112
8879,3521
9747,1896
6199,5780
7787,2352
9803,4681
6570,3957
3678,1872
667,8097
2198,6591
7488,636
7103,6056
4186,118
5205,5120
4680,5186
7019,8893
7656,1908
3515,4921
1993,522
3242,9815
4278,9975
7577,8480
4066,5659
5470,8214
827,20
135,9493
3656,9089
6864,1485
2934,2069
8920,5980
5895,7926
8355,2279
5980,8314
9682,3971
5064,7962
1603,6680
3098,512
5783,2722
8385,1630
3633,319
4899,1072
7882,4331
3191,1768
6527,970
8865,7717
4978,977
1752,7388
8102,4948
479,549
3613,1965
9522,6840
3800,1716
7230,335
9428,3856
6611,3346
7409,771
8641,2428
9852,9241
7999,4900
2161,298
5788,6659
1558,6939
3642,9758
5682,8884
5922,1609
8955,8398
7925,2453
407,6537
9969,638
1208,819
8718,1345
6126,5148
8980,3222
5342,2850
3697,8867
2226,3118
9054,6501
9617,4173
5915,9712
9351,2555
1392,5445
2651,6554
7086,8719
9689,3705
2123,8160
5449,7962
9743,8953
2417,5973
4655,8782
7132,9208
1883,5026
655,7783
3384,8677
7966,2342
2695,9166
2543,9780
6731,7572
1380,6952
7333,6812
2171,8305
8364,6092
2064,1734
813,25
9774,9235
1988,7539
4487,7060
5966,2066
9043,7893
816,2000
233,5052
3963,4042
5209,5414
7399,4570
7725,7054
2816,6482
3956,5921
5424,1827
7517,8122
3174,4484
6749,7849
4736,8277
4763,3132
5436,7283
6768,3514
4959,2318
5294,7850
9792,4499
3549,1566
7640,2624
8052,119
3654,7632
3813,1538
899,1998
1418,9595
8798,9716
3157,4763
818,6487
7093,7894
4618,5284
1066,9900
2437,5326
3440,6414
3858,4645
7786,1852
4833,9101
443,3908
9202,6030
4576,3093
1222,4349
7586,481
190,5216
618,8872
6881,3447
3089,3440
8410,1275
4363,7990
7483,4851
3854,9277
6360,3756
6341,602
34,5489
5363,1968
8146,872
3896,3961
1290,6406
9103,3110
6132,233
6414,7493
1144,4127
5245,9220
919,4589
6349,3666
4897,3786
1814,5600
6752,2131
2317,4487
5811,6666
5708,1411
2488,6999
8183,2628
8671,7715
63,8507
8443,9806
6797,3970
1440,9227
946,3578
4547,5245
860,2391
1122,8625
8281,218
9990,6279
8465,6639
7916,6153
637,403
3188,2533
4824,8570
6170,6210
4215,929
7366,6148
4239,8277
126,5787
6675,7396
8426,7876
5593,7569
1639,1696
8919,9719
2086,3726
7110,2805
8080,1520
1808,9985
635,3311
1813,4933
2338,9690
3178,8504
3218,2046
2901,3575
5893,8937
4642,9748
7972,5265
8071,5614
7990,1383
1830,177
2753,9329
9436,6161
627,4255
9807,3117
5227,6950
852,6165
6217,8389
297,6560
2963,4652
8509,3912
1787,6487
3999,3589
9088,6886
7227,8735
4497,7206
5848,5474
4152,2375
9020,232
9374,3171
512,8886
7763,9671
933,7276
7628,791
4110,274
8637,7686
8629,9967
1341,2953
5910,5751
7118,6619
4357,1946
1962,1844
7470,3152
3667,6669
7874,3043
5402,2238
3774,9852
2186,6058
6157,843
739,1019
7270,7457
3763,9230
6689,3124
124,7052
68,2592
8469,4141
545,4444
891,9569
8531,8121
1508,9137
7292,2425
9899,9425
7910,1852
2988,2066
4277,3000
7654,9964
6092,1834
1294,8658
6276,89
8741,1476
4208,1363
8341,9276
8465,913
7530,9353
2479,9261
6179,6931
4493,4385
1122,3533
3119,864
3217,7110
8901,7604
3090,7603
2759,3818
6369,1472
6835,9972
2559,1143
6346,4027
7974,3643
5586,280
9129,6396
535,1484
5390,448
5623,343
8896,5154
2899,738
7704,1123
9335,4237
5890,1408
8725,1161
7637,9438
8983,9112
1090,147
3095,939
2166,3669
6130,244
3900,9952
4876,1165
4141,9699
954,317
5192,3784
8792,6143
5644,7935
9432,4695
7408,4359
7611,3822
6975,9376
1902,3898
6320,1803
3445,3242
701,2248
5315,1325
1440,9231
9250,2287
8449,1461
3715,6900
2493,3991
5794,6554
4727,4559
9187,8422
4203,5031
3454,4851
4825,3760
9054,2199
8388,9919
2284,5760
1107,608
7353,824
9082,5443
8964,794
9999,4946
8956,2964
5422,5555
1328,8581
5682,8985
9593,9573
6878,4958
4617,4907
3986,5667
7060,2529
8154,5572
8380,2689
6102,2013
9039,5448
741,5392
7243,1019
9578,3657
4454,4026
9795,4173
2791,6171
4706,4243
1946,6308
8493,3224
1296,5278
259,7057
4415,7867
1803,1273
6093,3651
3677,2888
9645,1
3309,6933
8479,9726
2513,6651
6759,2743
4409,6627
1192,9363
2597,2538
598,5884
7312,6329
9529,2118
9808,5253
7803,5015
9489,2940
7321,5308
2094,977
1156,6103
5212,7552
2034,2293
6570,8039
8447,1888
8507,6706
538,6381
9073,9947
6487,9210
9400,1257
3869,4869
753,1589
3331,5830
116,7859
2596,2244
6389,7030
5031,9003
6206,4094
2253,6430
4887,9864
3047,4973
7252,6654
7151,1850
3094,7072
9085,8385
9899,165
2667,8508
1502,3986
5860,6736
1450,3423
3484,9448
7427,1457
1108,5629
5378,4892
1745,4607
8508,6449
5213,7066
5946,3773
6164,7783
2721,6376
9688,5696
4070,1654
6113,3040
3589,3326
4894,7787
1336,1018
7511,9818
5788,5475
2887,558
563,59
125,7607
1791,1132
1877,223
6924,6178
2747,9634
5359,3159
777,3864
9541,1463
4635,6178
8226,3287
6324,4487
5924,6964
9091,7855
9841,8506
5898,5028
4656,1346
8261,8113
2841,1651
6429,9465
8475,4802
4366,1336
9681,8883
1032,1370
3951,1951
1494,2222
4619,3219
2558,4929
5141,9318
2716,3994
1588,3744
303,3157
5619,9879
4452,4429
1630,8709
9390,9187
8572,290
124,5802
8080,7
1973,7831
5694,8514
4167,3952
9814,9183
7164,5052
4918,785
1018,8049
6937,3636
8102,2543
951,5776
2714,9459
8113,5827
9459,8283
6133,3074
3944,4207
3526,5391
8787,8729
7177,2226
7798,6178
9787,3712
8519,782
8656,7749
20,4180
2524,7305
449,3406
4321,4259
9960,5246
9291,2200
3253,7631
499,6371
1947,8817
3203,836
8074,7541
8921,3783
3873,830
8896,6195
7183,3856
6923,5490
1593,8551
4574,3758
2913,3508
5459,5470
1110,3501
8108,3340
5781,3393
4862,7051
8388,9230
8716,4283
4443,5541
9667,7205
6838,4812
331,8337
3109,6579
1653,3187
5991,5470
7322,5273
1280,1470
5734,7213
5429,282
7603,105
7752,7711
472,7676
8355,1348
1304,1159
2765,3989
4826,4350
2323,2802
4031,4478
5219,7900
716,6841
2164,9186
3994,4493
4991,4877
6759,8348
1939,253
7044,4464
4358,4937
266,262
786,6727
9167,4787
3266,6654
2030,3327
5252,3274
8998,9390
2795,7941
4410,652
3526,2045
5074,285
5717,7140
362,1357
6254,9611
8880,3643
4853,7863
3688,6141
9690,9306
9517,1447
4840,4251
8011,5051
6893,376
247,1284
5653,2285
5167,8217
5950,7333
9695,4980
7219,1878
7637,6776
5671,1458
7888,7335
9537,5700
2089,6684
2824,5914
9933,7853
4945,1474
87,5203
5002,7840
9868,5265
3901,8020
6119,3329
3322,4083
9599,4705
4563,4065
3673,3770
1873,2233
8711,9774
2994,9824
7651,9988
3948,7821
4990,3410
5738,4772
9738,7285
7105,7271
6117,6756
8692,4663
5074,9110
3445,2259
573,5553
5604,5711
2120,6339
8249,6973
1537,1542
1499,9711
9059,3207
4493,8498
3716,6591
5452,7683
4130,5510
6751,3769
6797,6401
7627,2216
3764,8138
8359,2435
77,8533
2465,1048
3548,7469
4906,7522
6055,3464
6033,7154
8983,1335
708,867
9300,4895
7908,9935
6567,3775
6849,467
678,9367
1204,4401
4965,5033
7995,141
6405,9794
5771,6393
246,2167
4337,1543
4716,1735
1612,9629
6701,3867
8308,7467
6597,9793
1937,861
2141,3986
5942,8001
8619,451
626,8329
9788,2162
8423,1630
6134,7136
7650,8890
3223,6256
8232,5381
1796,168
5434,9938
838,8155
8567,1866
8989,1206
7445,3182
4399,33
54,2005
6441,7972
2200,2328
3715,6437
1256,7177
9031,7378
6127,3890
5137,5852
2243,9174
6278,1245
9837,5097
1878,518
7326,5691
5309,4826
1451,7831
3170,5993
657,3
772,3762
8421,3669
9625,5931
2831,2051
1276,3945
5138,1933
7807,8221
1450,6725
1997,9314
2241,5682
7376,238
5034,8346
8917,4304
1029,9622
6106,1582
8965,8425
2185,3132
9504,6507
7228,2709
4033,8801
8859,8450
5414,7014
1007,922
4996,1087
8482,7066
5884,1615
3479,5503
5857,364
2830,2795
2947,3127
1606,7498
8883,6647
6704,4497
5072,8097
4922,8982
847,7409
6090,4314
5871,9970
9405,6435
8066,8191
4202,8290
2889,4807
3132,707
3803,7956
2359,226
3138,254
9397,1732
7904,146
5256,87
5983,3003
8409,5545
2031,237
4317,246
8141,2322
3749,9161
1134,9833
7027,4840
8908,8344
218,4860
1709,6529
2375,3875
790,5665
4511,2136
2291,1773
8204,8993
616,6129
1491,5142
5714,9360
9776,1535
4162,6575
1217,7980
3618,4868
1478,2820
1363,9034
295,6343
8928,3302
6575,5206
7142,917
5930,6863
8069,9814
4889,5703
5379,4264
7295,378
368,9962
9106,3259
3497,3843
8323,8031
1702,4259
6677,2697
3255,8262
6618,7223
3029,1371
1038,6764
3042,695
5652,4444
8591,6129
5175,3155
7960,9293
6840,7322
3781,1656
8442,2000
8767,7589
882,8099
4340,6391
5974,9002
7708,6671
6570,6850
1060,9963
6138,9268
9066,9603
7926,5205
1302,5710
3309,6299
8178,8877
3265,8087
5565,2724
6599,1569
7231,8177
6702,2887
4820,5965
1969,9428
5976,7416
1902,2361
6847,3923
7568,5632
7,7033
19,7484
1112,4216
419,6182
8238,98
1126,3105
630,4208
5965,5868
1495,3023
4395,9308
7765,4592
1558,7476
6480,1113
7758,8596
