7755,7388
870,4336
6347,2266
167,9151
6807,727
9809,293
4032,3511
8059,9157
8176,6056
6068,5480
4578,6608
5451,1909
94,2118
5013,8420
782,6706
124,5390
1221,4304
8099,2994
5503,1950
3819,5560
9120,5798
4297,1519
7795,6593
8524,6326
5015,4975
4696,8743
8688,1375
9740,526
9147,9778
8341,6798
6688,8677
4948,7872
3699,3075
9482,684
9929,2484
1062,8408
7879,3373
516,6190
1136,5607
8922,8376
8867,51
1209,8283
6338,9046
5952,6441
1539,7911
4457,8962
1180,3495
3720,3881
5566,9207
8409,8980
1080,7000
2008,1316
7906,2896
513,9349
5395,3491
6320,4627
8527,8686
9096,3509
7154,8701
8648,5371
3816,8798
4668,4115
2398,6690
5920,9922
1879,6890
9947,2933
4659,5579
8480,9469
4797,3115
4192,562
674,4494
4307,1525
8307,7351
5568,1421
7333,3588
6203,3046
8054,8611
3804,7960
2956,1801
9087,6456
5590,8721
2743,3255
8964,2855
1147,6275
1749,342
1081,4493
7684,83
7487,5389
6426,8832
5480,5862
4529,5244
9902,3898
2286,9699
8430,1892
5238,5467
2852,5976
5582,6329
5700,3758
6252,7405
1104,9401
1221,1652
4328,8367
8162,6103
3776,3374
557,2698
4489,2840
544,4577
3923,5886
4913,8189
5058,3476
7897,3969
8995,9232
84,3728
3193,7560
9774,9748
5669,5840
2598,8392
9184,600
1654,8191
804,4169
2730,654
7977,7713
6226,3720
6997,9578
2492,2781
1367,8883
7574,231
1334,5288
4631,6374
7986,2943
8615,677
8600,6959
8390,7402
380,3726
68,4730
4834,1766
8088,8948
7414,8784
4505,294
4205,2429
8900,6724
767,2656
9723,6972
9286,2749
6812,1789
9068,2037
3832,9999
7251,1825
3425,4412
4135,355
1953,3007
229,2732
8190,9963
4021,9103
6109,7599
6744,8692
5672,3044
9426,2752
6694,1514
2060,9438
4239,6719
4545,1636
3032,8186
8375,2399
4791,465
6097,4468
8877,827
2379,3339
723,3820
8308,7802
1587,2005
1961,2080
7799,966
2603,6866
6283,2023
6145,7477
7083,2557
570,4026
2329,6188
8635,779
6775,6805
6735,7355
4613,2641
4605,3833
6138,1780
6714,3809
3644,36
3604,5033
9358,4083
7539,5949
1098,8438
8462,3514
9131,5350
2775,6826
1367,4610
8487,49
9904,8565
3588,9087
8908,7199
6233,2664
221,9478
2688,3659
2070,667
8547,4736
1785,6082
538,1037
5716,7609
3834,8242
987,4279
1941,7918
1697,3084
6764,1812
9942,3936
3852,1881
624,7002
3424,4025
2549,5882
2254,599
1056,7984
2551,7553
7736,4952
9280,8906
654,1676
7802,7824
2911,4690
8965,3334
7180,7659
3536,9238
4861,2266
7572,276
4280,8518
8737,3668
8920,5930
4798,3382
5606,5299
2527,5046
2750,4490
3428,6182
8631,4273
4921,3391
711,996
5172,4113
653,5079
4092,5448
1123,2255
2704,5391
6996,468
7441,846
4123,4751
3508,5939
5383,9096
4742,7142
4697,3588
4417,5444
9462,2242
4098,8570
6901,6197
5991,3729
3550,880
9882,5492
2338,7171
9931,3232
8380,4965
5048,9679
5708,1936
9891,4434
8916,1060
4825,9220
1292,6411
7005,5465
7563,6382
7086,3350
6001,3383
6127,9911
1606,8186
6030,97
170,2502
5828,2329
3070,8765
1261,5123
4373,3103
7418,9277
4512,8550
7035,1850
7570,5157
3973,6115
4114,5040
4077,6293
9896,7240
208,7574
1172,944
9521,4476
5076,7855
2225,1849
61,2819
2383,9899
5290,5609
8846,9873
7535,3397
4266,3820
2464,4226
1367,9386
3300,1837
2946,1370
8360,545
7904,4592
1798,5236
9660,4750
304,5547
4483,1587
5389,3040
296,7367
7336,1675
827,9785
9505,6218
9359,125
1226,4712
8521,6848
5715,4406
6214,2901
4028,1640
79,1162
6515,1607
4017,9406
7705,6057
5313,2533
5722,8541
6817,8017
8336,9571
4552,4234
3594,6185
1778,8197
6827,725
1583,975
8686,9752
8230,7362
1901,856
1652,6329
8802,3826
2810,2229
9233,3041
5022,2941
9473,851
6768,1541
108,8009
9573,7750
8465,4665
4861,8093
228,5065
6049,4395
296,2757
6931,2505
6069,5497
5795,4182
1094,9903
4296,4985
7059,5377
2719,8597
611,4197
503,9964
8576,4463
8509,6499
5835,6179
1170,6032
1039,1726
2049,6747
6854,629
5961,9534
3053,1395
6337,883
5236,7303
9128,8584
7038,5419
8815,4930
1572,4304
1596,5690
4290,9853
6870,7663
5056,7948
5795,2137
6886,2309
6572,1904
5242,8696
1294,6501
7360,3708
8726,8675
3362,7980
820,7167
1280,2555
2263,1217
3880,6652
697,8528
256,3118
7776,5051
8728,9522
128,3641
7595,3374
4527,562
6663,5668
4696,8296
6488,232
3947,775
8469,5124
4751,3819
2136,9209
3713,9418
4443,3696
4449,55
365,8331
1807,1765
8881,8245
4069,6588
8349,3733
664,5460
9239,2492
5376,1404
7176,21
986,23
9766,3845
9076,7775
7110,7023
8327,9221
4766,9003
2392,4726
2259,6667
5351,308
9502,6340
7291,8873
7385,3059
5227,6510
9910,5462
3394,9016
8113,8463
1470,2142
9160,3965
8128,3846
9303,7043
2213,3873
6869,42
9439,7515
3411,8799
6666,5668
1187,7475
5475,9174
1167,6451
4856,9399
2918,1349
8506,5216
7773,4833
5464,3307
9131,6187
9012,8331
921,2518
7084,4745
6642,2444
8054,399
4655,5036
3500,4694
6368,4154
6425,5707
7279,3646
3615,1285
6704,1687
9238,1223
7934,587
6759,2040
7962,8676
587,5942
9075,3324
3727,7153
5207,3250
7750,4375
3360,5370
1158,9099
1418,7438
1338,453
5744,6903
4859,5996
6495,2540
462,5023
1620,4688
5968,3637
489,8393
604,8028
9007,552
6794,4556
9311,8538
9462,946
8191,3854
1779,2341
6783,8752
6579,4261
668,3020
7965,5393
82,4644
3196,1211
6079,6705
1346,2584
3211,7561
2189,1539
3135,2347
2768,6199
8699,9955
7875,8382
1824,6307
4865,9313
1887,4796
4559,1764
1826,1750
8479,9722
1652,2508
1429,3053
6413,4445
3075,4848
1271,8007
4133,4399
5567,3084
3354,3761
5621,5585
3325,5078
2487,4946
9922,7464
6557,7139
8281,4702
7276,4613
3685,6489
2584,9016
7522,1619
306,2393
2937,5598
3199,3357
8941,1802
2801,7754
1940,2297
3729,2422
6654,6169
3864,6228
5165,2210
9259,7202
3053,3896
5943,9809
3979,897
623,1932
2107,5007
4979,6170
1358,131
8820,5849
9124,8070
4119,1497
1752,3408
8511,8980
1513,5825
3696,6178
250,4773
8834,1140
3060,5003
1318,3692
9322,2717
1039,6453
3892,9556
6801,4654
4002,840
7199,307
8518,324
8439,7821
5366,3591
7592,4127
501,6340
2964,4090
412,5008
3295,4051
1576,4916
1009,7152
4812,3061
4950,8677
7454,1285
2776,296
5681,800
1536,8388
4563,118
7222,9435
8284,2808
7432,1488
1645,268
9815,3441
9138,8513
1537,2846
2613,8522
9357,4439
5750,1042
3865,4667
6375,8645
5995,8848
4684,2625
7668,105
9316,3275
2473,983
2276,4171
5201,5965
7298,6240
4557,9882
9027,2589
9977,5397
5651,5313
28,3643
8153,4352
4007,8573
7161,3136
3300,6200
9391,1661
4499,560
4490,6073
7626,9293
8682,8113
7364,6898
9726,2058
5826,8202
4408,8756
6605,9125
2923,4265
7661,5062
7607,4106
7517,4256
7642,4092
5999,7434
3675,5735
8341,3604
4790,7112
5284,227
7654,4182
8315,7998
6774,1157
1395,4571
603,5144
620,4652
7427,2393
6708,8415
9382,9838
6072,4025
9227,7150
2933,961
1652,5333
9488,644
7651,9408
6456,7100
9862,9836
1751,4076
7638,5473
4995,1356
330,1102
6983,4847
1549,2802
2014,5926
3423,4776
59,1234
8039,8204
6924,1293
8044,5233
2398,8332
7519,5451
7327,3533
7939,9441
6767,8984
6023,9182
3163,3683
3362,6941
595,195
2519,3843
7414,6256
5747,8895
2156,6181
7532,4175
643,1681
1891,1547
1384,3679
5598,3638
1078,2754
5432,6825
3337,7216
929,3446
3057,7636
7648,2502
9470,8338
8168,7074
6537,185
6708,3333
9012,9594
8248,686
2083,9901
4729,871
3068,6752
5866,6174
3287,2352
7076,6108
8457,6492
1612,9339
4402,126
4719,561
4737,6983
3353,8915
8279,8671
4412,5434
2135,5110
109,1278
5224,4330
5216,9196
3905,8823
4373,6715
7423,6131
8625,5452
151,2496
2799,3001
861,7124
809,5703
1994,7248
6729,1551
9381,8845
9392,6737
9969,3829
2868,9718
1134,7407
5545,7592
4918,3250
8001,7514
95,8035
7768,546
4072,7096
679,4279
6910,2943
3856,7053
9228,666
3427,2265
9909,9163
3587,8349
1033,7905
491,9206
6064,9402
3730,6030
3008,1337
5955,5078
7005,7337
1717,7488
5413,1835
2345,1015
2261,3951
7737,6362
8158,3097
455,221
1228,5927
4690,7052
626,9561
8435,4170
1700,5684
9400,9806
6355,2021
995,281
7034,5115
3869,8485
8314,1685
7786,1929
9517,1566
9193,2658
1601,8273
3560,1792
1668,875
4953,5238
8195,3222
3468,8642
1430,4543
9437,5996
1855,6261
5573,7918
9734,9860
5090,443
1783,373
5634,2103
2009,1861
5360,4280
2569,2242
8349,4587
5935,5572
2671,4454
7810,5044
4273,2999
864,7476
5074,1964
1795,1130
5816,8027
6449,6078
7622,7712
8192,4483
5665,9007
4461,9618
1187,8088
260,6559
6148,9889
1029,8407
3472,5900
2380,2292
7399,1154
4813,5148
1691,2456
3021,1662
2678,4814
2108,8594
7250,132
7519,3064
89,4067
5037,250
6293,7908
6114,9481
2774,1992
7793,6319
6263,7356
3065,7060
9342,2068
4196,8684
2601,2866
6826,8340
7818,5940
9609,8485
3719,6407
1401,4751
8256,4032
834,7920
4632,2808
3328,1848
1325,8917
8202,5964
3378,5780
250,4780
2917,3443
537,4831
332,2029
4869,7136
274,2998
8676,4972
2747,2087
6216,9368
1079,9361
4438,1146
9814,768
508,6804
565,6983
9526,1950
4740,4491
711,9871
5627,7481
4839,2063
5990,8824
4226,8625
4677,3891
9198,5016
1550,3205
8466,3594
498,8711
1323,8197
5086,6702
6687,3700
9181,5615
8654,6651
9951,7813
9901,7094
7287,1571
8787,1494
5924,1600
5506,3500
905,2014
891,4756
9817,9821
1178,9825
496,5466
401,3346
8096,6236
7074,9107
4311,8899
6184,5531
2672,6443
2981,6005
4312,2660
7491,7704
4815,6993
966,1977
3,8702
777,4465
2070,8668
444,936
7620,570
1919,2104
7778,1408
2143,1255
8430,9926
980,9732
8057,4361
6641,4170
2517,2626
1793,3777
2713,2087
4364,5590
8261,5856
7345,6430
3823,4350
9353,7208
9574,4265
6688,9235
3518,4359
1342,4122
8628,2357
1482,5899
4845,6720
1725,8353
4285,5816
7527,3771
7910,5397
6650,8154
3406,5653
7967,4991
729,7331
808,1136
4680,1711
1898,9638
1677,6049
9172,8094
7713,1647
5129,8200
6324,876
3708,2328
6333,3268
3684,5628
3543,4086
1064,589
9835,4829
413,4257
2866,9524
9718,5348
1044,8457
3925,7158
549,6992
325,7257
8289,6836
8008,7296
651,3614
2611,9826
3493,3367
6035,3432
7850,854
6676,1304
8144,9629
7644,7409
6085,6289
5482,9496
432,987
1128,9192
5480,3931
9873,9551
4220,432
521,6357
3417,1502
7454,6592
5367,1194
3749,108
6351,3005
8150,781
6356,6
4615,1519
7042,1970
986,8550
4109,3804
9357,685
958,9711
2869,1352
7808,7304
8865,5754
4288,2394
5770,9038
8352,9572
5200,5
754,5444
8831,9908
7858,5780
6445,9527
1236,6134
9931,5896
1904,7289
1354,8542
6354,653
8468,1495
4085,4346
4555,9059
7743,6570
1544,2395
4540,1162
3126,7016
1462,9715
4235,6489
2749,8017
7922,3282
1498,1015
1703,6577
2179,614
5981,8937
3850,3451
6243,1445
1980,2104
2501,9002
5392,5263
5424,3001
2562,5252
8040,1714
7744,4434
9071,5712
5605,7939
3331,5457
6142,6549
7814,4596
6753,4892
6725,5617
6581,4745
2741,6296
1180,3658
3977,2593
9723,1580
7502,4755
9635,6544
146,7171
839,8162
8467,8719
7673,4816
6598,8298
531,488
7979,5487
6957,96
3262,4821
6359,847
3027,7133
8330,4050
7690,8329
268,4522
6398,8101
2217,3175
9006,4320
4747,2878
4775,8562
9756,8814
5151,4366
4051,3171
2782,9230
9618,4907
7465,2689
5629,8414
2505,8069
2324,3863
4742,9290
6125,7511
8605,2362
5207,9448
8664,5877
2432,2776
8984,6646
9293,7871
8299,9800
2740,705
6001,970
4344,7133
9475,281
1853,7777
8876,9893
6933,2551
4679,1806
1389,3318
4698,4005
9745,112
3782,9213
6125,9482
9904,757
4251,4108
3872,4107
3098,3120
3360,2417
610,6189
5120,7625
8927,1608
7451,145
4174,3667
9724,6293
6377,8302
2279,4569
7852,5241
8561,6416
108,656
9022,3106
1127,2907
8445,6876
6992,9536
4882,8986
4178,3143
6067,1297
5085,483
3629,4928
4257,1261
5980,9468
305,3931
6096,280
7643,2242
3557,358
4475,7045
1459,3115
8993,3089
2843,1593
8832,2746
9725,3006
2823,4620
6821,5624
6524,2196
4841,3839
985,6280
1384,472
4681,6990
2269,1373
8535,7030
1692,8791
8567,1676
514,288
6751,2335
9189,2974
1062,4999
2344,5527
3194,1018
6711,5862
8973,2407
6101,1503
3450,1606
7354,4428
422,1335
8892,6841
582,2112
2152,7781
6211,7848
4654,577
7107,4055
7115,5205
4465,6627
9298,3576
8619,7281
4667,4563
2866,9225
3466,2261
5510,9311
3939,503
8593,9198
4299,102
1534,1519
7317,1265
2875,230
9383,1693
543,4229
996,8820
6266,6609
6028,4766
8262,1233
784,9447
4435,2365
3650,890
2910,3929
6519,4543
1874,4562
2535,8532
4790,5153
8335,7811
1246,4954
7896,3886
7675,8127
5964,3517
348,6742
5109,5540
4879,5452
3491,7996
803,1058
9821,4767
4255,7168
7621,7793
2865,9039
6176,2624
7793,76
6277,1769
5799,8931
5676,5948
7427,3511
1362,725
7735,392
3748,7391
3587,8845
9856,2834
7484,8366
7945,3205
1295,2853
1992,2798
1613,7728
3712,5092
4733,9331
7937,337
7046,2177
4969,8201
322,5973
9788,388
3578,8290
3750,8788
7672,25
5821,4301
9723,3505
4936,8493
8502,8032
548,1488
6906,3647
8262,8335
5622,7983
3424,7270
2945,8987
6097,9200
9870,4609
3445,2589
7273,9738
3363,6766
8476,336
1164,1303
4763,2993
3851,6571
6893,1265
8093,6082
265,7905
9546,6279
1652,5227
7266,8082
7009,2846
460,4155
7740,8151
7196,1469
9591,3745
6759,1860
5846,2037
3231,539
4636,7560
1499,662
3206,3104
606,5903
394,2496
9667,3069
2227,5964
9270,3788
2647,7240
7258,5911
2153,7821
1054,5464
1934,2691
141,5978
5775,608
5703,1342
3104,3973
145,21
9073,5328
4659,8554
2909,6113
8746,9384
220,9600
4977,4500
693,6842
633,7306
4431,3100
2563,4985
5298,3841
8441,652
6152,3746
2298,6388
771,3532
9461,6600
9818,4365
1913,5159
6299,9626
2628,2033
479,7760
9600,4064
4914,2799
7593,6600
1099,5106
3992,5550
4267,5598
9621,9207
6583,675
2002,7102
4222,3374
8117,2365
63,9583
3079,1348
9927,1620
3669,2870
3768,3282
2526,2458
115,5698
7508,9950
6865,1501
8315,9191
6148,1557
5949,9010
562,6851
7504,5108
2769,9095
3089,1236
7321,7961
1408,1085
1708,1311
6699,6711
7614,5934
3747,8083
810,4815
1123,6400
8195,6690
8845,3677
4936,1056
307,5602
9720,7880
6613,6002
309,3084
5596,5960
6132,7485
5287,237
7140,8410
6770,7387
9495,4124
247,4601
8080,5505
8395,4368
5523,7887
5983,1121
9757,654
1523,686
3022,6743
3570,9590
33,9871
1110,9086
7331,3935
2412,3900
2011,3390
1822,5690
2090,6887
9289,3432
3787,5622
7547,3269
6224,1196
1412,5568
2890,3107
924,662
7079,7082
483,1328
8532,8888
9756,2314
1788,686
8307,7514
7238,1562
2144,3324
8449,5031
2488,6794
2050,1673
1568,152
8207,6848
7486,2476
2239,7155
2313,7142
442,7820
3059,4298
2673,9773
9904,8755
4547,4922
7432,9798
8333,2621
7696,9835
3175,6985
568,5243
8258,606
9084,6195
19,4579
6229,242
3903,6366
6920,3736
3782,8136
2338,303
922,9987
7017,6666
2586,1973
6401,4771
1374,2699
2242,6583
3204,2164
198,3976
413,1309
7601,9156
9674,1448
2720,2233
6508,3112
1494,8337
6469,3988
8513,5811
6807,7318
2600,1070
7399,6051
2262,7292
4221,4878
3086,347
2624,7033
5749,8569
9721,8046
9732,7362
621,3092
452,2446
2930,7246
3733,7829
8202,91
4878,560
919,4465
9057,2652
4517,3716
4171,722
7378,1009
1037,9985
1627,5551
9676,635
836,8607
8749,2926
6822,7223
752,2156
4486,7622
1805,2338
1794,2836
1940,8097
1728,7655
4176,6362
4128,596
9476,4407
8436,5008
2570,4000
5592,1874
4017,1853
6897,2019
6982,6138
181,824
649,658
2518,7686
7979,2074
8559,3719
2632,4377
5908,9256
7873,6507
5856,1945
2935,4087
9426,296
103,336
8753,9427
4667,5401
4383,2674
1895,4305
2009,8909
1401,3188
5401,8652
5909,3998
2276,4564
7604,6275
8918,4029
2575,1275
6240,3943
3203,7180
9331,9616
6991,4087
7199,2452
1308,2175
7115,6787
5966,8539
7320,2576
4094,4372
9126,547
7525,4772
9524,9033
3031,8610
4343,3299
7820,1723
5496,3204
4104,9315
2989,3319
753,4587
2252,7656
9487,804
6074,4945
1454,8126
6095,5567
1844,659
8826,8258
7609,364
5134,2168
8245,3065
5182,5857
2614,5899
8860,9946
5685,6558
1552,9740
7824,6974
8432,3972
972,1773
4265,58
6593,4182
1621,4053
5532,9577
8338,7627
732,243
7643,3416
9450,8016
9210,2085
8987,2534
515,8441
6791,4084
2999,3034
8671,9615
1082,9936
7449,4528
7370,5972
9865,4848
8203,1829
9209,3837
656,2080
3369,1351
1750,4542
9249,2835
3359,8735
5175,3839
214,684
2943,3126
9408,8496
4224,3796
5454,330
5328,3461
5709,2057
7240,9345
1197,3231
1622,2213
9028,4290
3699,6191
7915,9868
1201,3062
990,8382
8561,717
6157,2951
2664,6350
8305,8664
663,3973
1137,3029
7327,3747
4414,8979
1328,2856
2948,8040
1854,4652
1354,4892
4497,4703
876,2320
1986,7956
1003,1362
446,9337
1586,5790
1445,5862
7149,1702
6204,2772
3645,9966
1383,2482
716,70
1732,2067
7973,9263
5010,8362
3280,3378
3010,3863
9676,7814
3254,6669
5657,1360
3431,4296
1182,8824
8336,9419
1730,5796
4745,393
8160,1848
6579,8970
1628,6531
6928,2527
9135,180
6707,4016
1466,9044
6493,6363
2447,8273
9450,1782
4485,4010
2396,4418
6152,1562
7479,9218
1006,3762
9546,9020
7690,7291
3112,624
2187,4678
1900,7486
6031,5960
6460,2597
9116,2574
5256,7216
844,6672
1205,8214
2759,676
3211,6611
1708,1618
5527,7532
2722,8639
4049,9772
5584,8653
2913,688
597,588
5210,5464
2462,455
7148,3282
5023,4823
6887,9512
7734,6139
1378,7819
9351,9614
9278,9269
7595,4839
3662,8714
6985,1787
5010,5404
7818,408
2644,1563
1172,8248
7592,4502
8788,1312
9231,6011
6349,4197
6656,1043
1338,3470
8203,3134
1052,4807
5639,556
4502,8260
6768,6813
4007,6054
5192,5686
9248,9269
1992,2777
8931,2584
9282,5660
2478,996
7485,5754
1844,4207
1948,4240
1757,4385
8552,5989
6915,6586
9027,6180
4984,661
3144,9838
7541,9104
3103,5627
9051,6048
3358,8861
2963,975
9791,8933
4135,9550
7949,1987
4664,4214
2418,5742
1448,620
6533,6271
9081,8519
8057,8993
8106,743
8851,1687
639,5919
9951,5037
853,1863
1536,732
7951,8224
1576,3307
896,1380
7332,8094
496,355
6490,4601
574,5370
6677,2083
6925,4539
3657,8874
413,9918
7021,4292
5273,9025
2312,8025
7710,1119
8966,4371
4213,797
9214,2920
810,428
9406,6501
1673,6709
2157,3215
1594,8366
2577,8909
9535,1116
3084,3493
8132,9670
8292,9515
4006,8858
8453,4543
6700,9782
8726,6111
941,2764
2209,3916
8875,3626
6116,9965
5403,1856
6337,3183
8857,8241
5717,340
1440,5352
7660,5938
4799,6109
3445,4141
234,5718
8094,5423
7839,5629
3395,5355
1622,932
5263,5631
8742,5517
6187,61
3580,768
6546,7745
4496,2289
2157,9103
7543,9438
7189,7556
3771,1382
724,9432
1724,3694
5279,2009
1931,3901
4610,1528
5113,9758
6314,5342
5598,4176
2338,613
5273,5948
2323,1909
6411,1686
6459,42
6334,7149
6574,530
9941,2583
3622,7364
5457,6601
447,1524
7578,8554
3372,5355
7963,33
5639,2641
359,1316
3125,2529
1137,9691
5108,4828
8230,7229
944,5847
4995,8855
6109,4428
9538,1531
9967,3170
3340,9356
7904,2541
4773,3037
6713,264
1949,9074
5377,7464
6557,1280
6229,5814
7669,4010
3119,7084
8047,7130
9382,4639
1616,3060
3660,2547
4302,2499
8465,2082
1571,8302
9084,5075
8460,1068
1902,5680
6022,284
3702,9037
2647,2371
6622,9121
5361,5620
1971,7488
5017,1213
6208,6338
5232,8615
7589,9114
2229,566
3222,7336
1244,804
6613,5799
483,5861
4402,6502
1629,6517
6881,1304
5011,6295
2841,90
9413,459
4553,6009
674,3516
1240,8458
137,3028
7957,9041
8308,9134
7322,2260
8735,2377
6637,1377
4998,2295
7740,4582
7190,1725
2886,8254
3712,4528
4140,2094
5410,1043
6669,6390
3043,1924
9893,4684
8779,6264
5969,720
9152,281
5941,136
1117,951
3556,386
9376,3644
9101,773
34,3904
7399,992
2590,8136
6466,8752
7780,6006
9267,292
8456,4300
9778,2287
5999,7821
8337,8054
1722,368
6911,1099
7162,1601
8573,5990
3755,4628
8281,4999
8446,306
1527,6340
6430,7371
3334,4408
3449,1351
6844,2450
2176,3649
5377,5938
6977,638
552,9173
5294,9
5864,7543
9120,6853
6422,5121
4266,354
7485,3318
6542,2441
1659,6552
3770,4882
4363,4926
4443,6610
5478,5268
3551,2982
5066,3709
1290,2377
1965,6441
2654,7977
110,5285
3121,2391
2585,2877
4643,505
50,6542
2211,1139
8797,7461
1166,8184
7757,1571
2840,5243
5119,8902
1660,984
5501,5724
4873,6117
2892,3600
7173,5363
6531,9290
1507,9656
8522,2843
4875,186
8511,7572
1936,3182
3390,6744
1126,2927
9493,9084
3136,6462
2793,9124
5979,1721
2211,6125
2743,7018
9679,1908
8243,1758
2163,7276
7364,8647
2316,7745
1997,5642
2785,4281
5319,2589
8024,2114
9509,8841
229,3277
8421,3208
8412,4553
3659,3089
5496,2622
1947,6636
7664,1675
803,1419
5026,8472
9793,2124
9376,7499
1448,3017
4344,5508
4627,2950
7120,4642
4928,860
1150,5578
3439,3486
4720,9456
7557,7138
4652,1480
501,7417
1330,7100
3021,5154
1070,6431
1979,5269
2392,161
7655,1114
5432,142
7055,9212
5776,5464
9713,2476
6140,212
565,1150
4907,6391
489,6772
1703,125
1690,1570
27,4918
8090,417
9391,5323
1166,1883
7835,3721
8240,7979
3659,8886
5008,7247
3794,7628
3779,5676
2064,3091
9358,8300
4161,5790
2169,7286
2302,4860
4571,9032
7831,1648
4058,2997
3623,6717
5855,5022
7843,8998
1354,5095
5371,716
4192,6614
2516,2233
7385,3358
1816,364
7986,889
599,9602
1634,3156
6396,9466
605,1874
5854,1196
8627,6332
7302,4814
8699,5152
1708,878
9501,7354
7922,7207
1223,8599
7595,2126
8416,8855
6636,8418
9513,1624
1703,590
9406,8476
4286,4470
127,6498
293,4410
5314,6599
5762,6678
1611,6533
7913,1779
4275,8695
5463,4702
6098,8751
6836,6536
673,8569
3631,8993
2661,3452
4835,2904
1937,2678
7989,5381
3379,2903
6796,7525
9641,7478
2863,6560
2389,5231
9306,9679
5347,7775
6566,1662
3158,5448
9580,7655
577,1006
3860,8001
7776,7998
5334,9758
5431,7125
7581,8509
7377,9150
6758,5762
5733,7550
6960,4663
7672,9932
1970,9043
5619,9507
1035,4781
313,9728
1519,9922
700,7840
8731,9558
7239,6377
5369,3590
7016,8212
3412,6552
8720,7270
1888,4125
5021,1993
417,9369
7117,8867
7198,7749
124,1938
6373,1498
5798,729
865,628
6734,493
5457,4826
2587,2691
3401,7644
8544,6430
2635,5143
5533,3530
3143,1313
7123,5136
470,8342
4832,325
4457,5566
18,3212
1704,9
4156,4377
9530,4498
4802,8168
9280,1270
929,8543
9186,9484
3095,8157
309,9464
9772,3990
1875,83
836,5565
453,227
7557,7130
1334,2336
3012,7566
2343,5033
2245,1078
991,4288
8448,4701
9146,9019
1219,4580
3830,5653
3644,3255
9327,6015
5143,6944
5947,804
9483,6379
4790,3397
7213,4883
5692,2036
2716,1141
6077,2991
8708,1005
4535,4428
2404,7132
8897,9532
4560,6072
9605,8820
7372,9812
8600,8721
4720,6517
6815,3254
5536,9540
695,3675
7387,607
8412,1487
1811,916
2317,6886
1010,8067
2942,9578
2450,4070
9034,6695
7820,1510
4793,709
3608,4425
6270,9280
7316,146
2221,5025
4996,5257
1940,9314
4773,9183
2856,8891
4274,9698
1095,7942
4544,7643
7963,811
1429,7294
1305,5830
908,255
7642,1160
370,3871
7331,5104
994,3641
486,6328
4066,8778
386,7374
2846,4449
7595,3699
5485,4326
8269,9916
3819,6767
8313,3329
3015,4116
6313,4477
2255,6610
7933,9238
336,232
1010,5191
6860,9419
2711,7733
9073,1196
2336,2789
4136,3609
319,1603
4159,1381
1318,7458
47,9529
799,9616
2527,5027
6801,8210
4180,8833
5865,1079
4893,972
9997,3198
8861,2217
1983,5260
2267,3830
4867,579
496,3975
7887,1634
4266,4397
2816,414
8510,7671
7358,8734
954,9741
6903,9678
1282,4605
3516,3636
9480,3350
3259,131
9634,3387
1728,177
5265,1776
5876,2984
1287,6411
5996,9031
2859,6046
7604,4552
9751,6675
3567,9892
3721,6319
6611,6727
3525,5373
4800,8900
7287,1193
9810,7950
125,80
3665,3617
6391,1985
6125,2530
7350,9230
3698,9852
1309,3556
3487,7534
7814,4512
3992,4997
1198,2969
4042,308
366,9940
1947,5354
5452,5000
6806,8106
3311,9265
8083,128
527,9777
4544,6901
2727,1049
7798,5370
8165,9002
1780,3762
7788,1388
2465,5447
2479,9475
6451,7744
475,4699
3381,585
9856,9398
2349,8095
5668,2911
2341,1625
3566,2283
3488,4976
4176,1930
1077,8488
1520,7625
1895,3927
8782,8961
5126,7373
5304,5403
1770,2552
8347,7912
8356,4689
2157,1267
4804,3206
7028,2026
3999,6146
7206,4697
5205,5626
9691,4591
2365,2297
9736,5673
3508,1542
2454,3226
9072,3921
9356,4513
1585,829
4418,2834
3712,5980
6098,7220
8143,4130
6719,6448
3167,9170
1290,8707
5368,3561
8125,2647
7832,9118
1342,7660
6933,8460
2049,5342
8817,7003
3838,3002
3222,1484
6812,1539
1609,7517
3379,3947
8120,3028
8668,1939
6430,1255
6119,5266
1245,4865
2524,690
533,2324
9930,5298
1095,5647
6983,3119
557,7892
4479,5543
5164,9648
7215,3078
207,7082
550,1665
3477,5955
9023,9210
7391,526
9477,8303
8091,5500
7958,8053
2987,43
3766,2346
3332,8489
1527,5799
7283,7931
5320,2207
4268,1983
311,6425
8797,4263
8460,3155
2689,4556
4389,7573
7332,5003
8705,5115
1440,1287
1201,8809
6775,7060
2819,8877
5865,8806
4522,5739
7410,9768
3261,9984
9245,4146
3627,4221
6161,504
5488,7480
7057,5204
1580,9440
2962,7503
5081,6140
662,4451
8310,200
6627,2164
2101,4995
6378,4659
6123,1322
2461,9208
7170,778
8023,956
5885,5530
256,1964
8604,1378
1927,2624
5828,8714
1190,4610
3966,1304
4300,2286
9387,3462
5190,6455
4126,5142
4770,5050
4395,1470
1191,9906
1573,2869
2049,6631
2683,1598
4067,3014
5161,5420
2129,7641
9674,6143
64,7931
539,4970
5621,5205
46,7049
2270,3791
8724,9190
4090,4383
8154,1628
4654,6064
9098,9842
7574,5211
7573,774
3206,7539
213,9570
1922,8192
2746,5447
3798,8158
2615,8002
3120,7211
6133,2976
3072,8922
2324,6459
426,1839
2625,390
5484,4035
6859,3574
3915,5183
438,5456
6731,3111
211,5436
2925,803
1401,7997
1870,1314
7628,4448
8331,6130
1599,2408
163,2736
7185,3513
3433,3509
1657,5601
7566,7364
9657,5786
5107,707
868,6731
7893,8141
2838,8406
9551,8781
2160,9386
7450,6109
801,4730
4833,2563
7443,320
3343,2407
3897,2310
2261,8948
5201,5989
5117,9389
3423,9448
2724,6212
4441,466
8172,7395
677,2702
2542,6952
5758,2739
4853,9153
3118,6781
6313,9646
1640,6046
7347,8439
1436,6688
8930,5486
6019,1423
8943,9788
5492,6297
709,1207
3546,8962
4880,9342
1416,5282
1045,5916
1532,290
8723,6082
8935,5997
9780,1613
7764,7156
8798,3909
9173,8636
8485,5650
7875,8528
2008,7915
6935,1587
4586,8162
3531,8008
3673,6714
9300,8121
7088,59
9787,7407
8159,5068
9050,7922
5595,9089
6744,5765
1725,7056
6026,2237
5718,7098
7586,9658
2132,5398
5138,5551
8416,1372
1082,6476
9307,4504
2871,3410
6098,4938
5937,2342
9247,873
6213,8554
282,5962
7676,7341
6532,2396
4532,9769
1162,5262
2525,4226
8077,5271
772,3193
8432,2363
8541,7314
6537,5909
9580,1128
8482,150
7833,3619
3953,9856
278,3908
330,8695
7512,6303
9780,7045
68,8991
4720,2247
7979,9878
6137,9679
8401,6735
1938,7389
1771,2369
4264,284
7570,217
3510,8242
3759,3850
5380,7426
1665,576
6112,5858
6121,5594
5581,8341
7834,8542
7575,1396
2425,6600
99,9314
8799,8951
7248,4629
8593,4614
1363,6742
722,2731
6529,4156
8245,9086
2558,8230
5877,2638
8508,1759
2412,6875
9018,8754
1781,9408
2397,2261
852,5348
1405,9340
6269,9880
5896,7102
1428,4732
9531,167
9163,6621
4812,9018
3341,594
8574,8863
1759,4094
913,4450
4106,6814
4006,1096
276,3828
296,1707
8626,8199
1428,477
5697,594
6450,7703
6842,5963
925,8392
3398,6823
4067,5066
9619,364
4289,4975
3309,2165
9675,6462
634,8787
4634,1024
4199,301
228,1084
7887,2702
1023,4871
4842,9937
7515,3517
5192,2622
8853,1633
3216,7717
9722,2515
8624,2778
2730,3427
747,1374
763,4200
470,1313
1087,9558
1016,6576
9272,531
8988,8172
1082,7682
9032,1413
5934,7024
4404,5773
3161,4656
545,2718
4481,3826
7405,8228
9874,8904
5275,6367
9294,2216
2218,3381
5767,6007
4797,8522
4360,9153
4076,7929
7842,2462
851,4769
838,3568
6825,1038
2068,1891
2993,5127
1406,9224
2713,753
1547,9848
7402,3835
1000,872
3457,5969
2710,5488
4444,1808
7950,9400
4631,9842
2319,4130
9534,3126
9300,2198
986,9222
3716,5623
94,8181
8689,3307
8501,1419
930,8014
8556,4537
7449,2129
1262,7606
2845,1509
9132,8782
9657,346
9716,4101
6129,7273
7795,4288
6644,2468
3849,5789
9370,8668
4539,8433
9853,1122
5815,103
5756,3942
4636,856
7699,4612
2458,9318
25,8187
515,8930
2579,4758
1334,1426
8576,3308
7228,5350
4389,9598
2567,5467
9091,8105
8655,5728
9503,5671
2401,7586
7239,3347
6627,9957
1401,6486
6610,9228
9965,6080
5814,2559
6029,1223
305,3836
3012,983
9858,4798
2087,413
8043,5273
8066,8725
2024,1183
522,1846
5613,4347
2720,5962
4602,4507
9278,8905
2199,5466
1264,7026
1335,8787
3601,4039
2209,9215
2913,7200
1768,848
807,8195
6757,3448
5513,9805
3132,4642
7263,6082
8785,8367
1031,5034
1649,727
3830,5524
551,1127
5863,9812
888,2987
6884,1736
1478,6207
3966,2861
9869,7585
3830,2760
9987,3841
829,7992
1926,4200
7766,9941
5903,6768
9899,6772
6092,6029
5821,1471
9183,8637
8896,4438
4072,1146
9999,7936
7780,1924
275,3371
9432,7088
7692,8056
287,4560
9546,8815
6176,2530
7973,8876
7609,6789
1285,5974
9201,6740
5571,8378
5358,8310
8434,8730
8772,7959
6797,7432
1909,1329
5730,7858
5101,4623
9796,598
8498,2788
1954,8733
9088,8574
4024,8632
8992,3606
2377,2711
3735,6193
1082,515
2066,683
3128,2262
1105,7680
160,3159
634,3230
3430,8247
9217,7313
5489,1347
6314,1259
3339,8321
5186,3719
4330,6053
7238,2465
1259,8391
6183,9096
1662,4389
4793,4496
2998,9822
7671,4883
4109,808
1511,4527
1647,130
40,9113
3152,2756
5712,3952
1421,2485
3344,9376
6767,3375
5516,4336
5738,7591
9344,382
1115,661
5908,916
6546,3278
6813,3514
7658,9654
72,5017
9830,5163
4881,226
2959,7147
2505,2004
333,5150
2872,9975
3606,4039
6819,5547
5762,3822
9687,6759
1833,9478
7311,892
1404,9150
4925,532
3295,9674
1557,8369
5862,2293
2479,2782
6010,1521
323,2372
5118,7821
5051,8184
4296,3509
4790,8057
1473,9641
1154,6761
4641,2235
1858,9998
6762,2842
7958,6287
2065,8505
4998,7076
8885,8519
3549,909
5532,1265
385,3811
4206,8434
6118,6177
1444,6414
920,9433
2001,5044
3912,1880
6376,3726
6047,2776
6214,2897
8019,1270
2683,7575
8976,6157
7316,8406
4476,4376
7816,9657
6266,1888
5783,7787
2713,462
1415,3671
8622,9416
3754,2316
5630,4633
4426,3984
6716,7298
7586,7757
4153,4104
9813,192
1663,816
3858,8329
5517,3835
993,597
5307,7963
8252,4591
7000,3098
2384,7740
2832,5535
8798,90
86,5927
8530,8345
9245,9410
8541,1568
5287,5228
475,2278
8170,9207
6572,6590
8299,175
9490,2550
2849,4165
3980,1750
1650,3321
4793,3888
5923,2074
946,4275
545,8144
1273,5792
922,4020
5303,9009
3222,6560
9570,2233
1283,1644
8973,2955
2588,4167
1756,5091
7184,9892
6112,8176
1061,1226
7760,2919
4529,4395
5376,5403
8240,3034
8193,3115
2476,4542
5269,3774
6115,3759
8910,8928
4757,8151
6623,4040
7958,9535
6307,100
570,3108
6778,2554
9977,1517
5693,6655
3194,846
6993,1650
2137,2469
2006,5591
294,1190
8457,1328
186,6416
9473,3610
9733,2127
2090,8253
9662,3934
6077,3163
5124,3381
1372,1233
9037,9447
8344,3878
4722,9833
6879,1799
922,8013
3815,4013
3793,4021
7156,4567
4482,2478
4909,5360
9889,4040
9716,85
4311,666
3025,8419
5317,1674
9932,5121
7103,1909
8953,5717
3181,4462
5258,3967
8978,186
5608,9136
9342,3211
1749,4502
9680,1693
6136,5637
8794,7569
2858,6925
4727,4012
4275,1579
5638,2032
1025,4645
3339,8587
2883,5519
6329,565
5906,2767
7292,3178
1340,1781
4176,5975
5676,1194
6583,9561
6840,3460
1022,1723
5935,2221
154,7181
7269,6482
1006,2643
1400,3849
6976,329
8524,6421
6576,7512
2343,5376
2585,6522
7835,557
1854,9719
7698,2503
3163,7793
9175,5100
3620,8124
5511,2529
8177,2115
3479,5640
5024,9757
1364,4712
9507,9849
7806,5436
359,1991
6077,2747
1138,9173
7270,797
5211,4575
3257,5595
6374,8360
8304,5060
1485,8198
9210,6772
4310,3360
4423,9013
9438,975
9831,3520
9493,9043
3430,2288
2728,8997
4464,1112
705,7537
7205,7858
3512,5495
7995,9205
2217,2171
1068,1246
4286,7272
1631,2495
3383,4349
3547,9167
6978,79
8055,6219
6790,549
3123,3920
2497,5959
9540,6260
1667,4542
9457,1337
5023,7245
3333,2844
6484,8634
2497,556
7505,3931
1163,740
495,7764
9870,8931
2081,5650
4617,541
6732,3201
3699,9427
8388,4664
9388,1523
1249,7121
6623,377
2852,3748
2241,2683
8626,6118
3697,8404
4156,5234
1350,1039
7552,703
444,9428
1137,1452
4080,1580
6551,2093
236,4381
3626,7640
683,9949
53,6892
2362,3121
1530,4731
8455,8891
5782,1978
5008,9157
6941,8785
6941,2171
6151,2093
9821,6638
2106,384
297,6346
1956,7633
7352,3690
6163,8795
6136,477
5947,3458
1873,9138
5024,2847
8137,3619
3130,5496
7560,2660
2510,1038
2658,125
7799,4052
8054,1514
2636,5133
8902,657
7557,5150
8314,2957
9966,1412
8067,6019
8641,46
1148,8083
4906,8397
7535,205
9536,8393
8217,4068
2093,2991
6155,301
2021,7782
8093,1122
1636,5293
6562,3164
2539,4038
109,356
9385,5321
455,1433
8762,4472
1599,4958
2327,5990
2081,9545
2388,8098
9122,1560
777,9203
2125,573
4564,6774
335,9069
933,4113
4367,3455
1402,1883
7146,9998
6675,8503
4718,7123
6726,7693
3718,3110
5341,7161
6619,3197
9232,6504
3786,7267
3515,1312
8181,4834
4386,3693
3162,8459
3804,1300
9033,4580
3975,6739
5558,3980
672,5450
8910,8905
2386,5742
1418,8392
2457,4108
8490,1076
843,7017
6340,3051
7209,6115
3926,7762
3368,8319
4220,7696
4476,2275
3522,9782
7717,7831
6201,4676
5444,1561
5093,8187
5375,1624
5793,3570
4299,9430
2862,6506
1587,6376
8402,1241
2389,2086
4540,1220
1599,1055
8298,2433
4985,545
2158,8907
4371,8159
8943,5836
4396,1178
2915,2074
600,9120
6420,7169
2804,4458
6553,4993
9253,7291
4448,9380
6079,7259
1740,4329
3003,1631
188,7305
6347,993
2375,9703
2700,6477
1486,2298
8071,7734
7070,2264
7398,6657
1837,3124
2012,9965
6799,3633
9024,8440
3518,6542
5219,7566
6698,6682
1994,2680
8100,8129
8287,4170
459,949
8155,5085
399,7375
1339,3534
8187,4934
2373,5076
6279,329
518,7599
9287,5311
6637,9279
4516,3995
5729,5192
3082,3689
5156,9219
8819,9339
4771,8579
8335,9169
2737,7108
5643,2208
1236,823
2912,9466
4882,5699
3350,7953
8923,1617
9613,3613
882,3496
3569,3511
6436,476
1540,5696
3070,1650
2161,340
3203,1838
9216,8134
344,1369
7858,3649
1486,6203
9148,4716
2380,5745
8039,2384
3433,2326
2240,2430
4392,5557
9237,3047
1708,9201
7067,6230
818,8781
8551,1101
8393,8950
9803,1188
1639,1906
2259,5717
3338,7040
268,6672
9666,3718
3016,3687
7320,5305
3923,5865
1989,8836
9613,4451
4639,283
3478,8501
4548,4053
2087,5226
7176,58
8844,8058
2934,5357
1893,8100
2343,3630
5672,6106
3912,4526
6051,8557
2391,942
8348,8077
2228,732
5251,1176
2559,9291
9634,2269
1541,8323
8492,5986
1576,6354
4871,6378
911,1050
7779,1673
6574,871
4380,8428
1974,7558
4391,8309
9684,4487
6148,8583
72,2481
3878,8446
7950,5175
7933,5455
9315,8455
6013,6567
7216,2698
411,3380
5954,9203
9886,9082
6330,7078
4166,2752
4140,2561
6062,8358
1431,5652
3981,2206
3733,6570
7661,8326
2711,3754
6564,7079
6009,7511
7584,1268
1617,4405
9259,1364
3745,4080
6567,7779
4734,7696
6555,8841
9963,5518
7734,1914
6075,500
3074,2175
2018,2944
7489,6714
8825,8880
57,9039
6224,7073
9051,9274
5861,119
5366,8743
6839,9594
1799,8521
6142,266
9127,3079
3703,2988
9909,871
1163,4770
1162,61
7104,4222
2745,5562
602,1738
458,8926
9722,5804
1425,8124
7923,3283
4060,1242
4170,2680
6156,3041
1987,9316
776,3278
8650,2793
4732,9928
6045,921
6113,2609
8345,5837
1099,7008
9397,7580
9070,5323
8440,5505
8466,1672
8765,9472
9449,5174
6757,7350
9663,8295
1701,9752
3848,3546
4614,3818
9048,6684
5427,6268
5521,2017
6746,2446
4415,8072
4257,4857
4613,2737
2904,106
1011,7693
1532,2447
7662,3402
2759,1497
2225,4853
525,8213
3263,3275
7022,9616
8694,3243
7182,3988
9131,9631
6228,2583
4374,5737
4176,1149
1245,4238
1295,5536
2812,5496
9533,9896
640,695
4556,3459
7494,9589
8468,2237
3763,896
3663,8941
3718,5667
5898,1281
1794,7248
187,3538
5871,5118
5573,8477
5883,5851
1836,8409
6701,1899
3889,5322
8682,3872
5102,2791
4304,3953
2904,7714
3265,530
7701,7739
3411,214
6951,2321
5637,6153
5349,8145
2168,4543
6489,1876
2520,2197
8823,311
4715,7517
1744,2400
198,4616
3108,4851
9766,1930
1790,725
6500,8913
3747,5513
3952,4836
5529,41
6638,7791
7879,2775
8582,8844
9228,9978
3327,7360
4497,4184
4668,4502
6488,5663
5659,2135
9795,845
4412,3414
4370,9451
8489,4504
8717,3134
5831,2675
3675,587
569,2226
4782,3487
7971,5850
7049,1130
1582,4429
1669,359
4925,4554
1537,6594
6772,2991
7615,3589
5582,7451
7066,7220
3696,4872
4146,4307
9201,4243
3575,2879
8599,5735
904,5848
43,6117
2676,1008
972,573
9483,9290
7012,9457
9879,8523
3559,1648
242,9678
1294,1035
9186,796
7037,9834
6849,5930
54,2981
2104,9572
2815,2148
1302,7550
6023,3621
3216,9648
9332,8026
3567,8326
2771,8750
3838,6629
723,6563
217,6977
7606,423
8691,8875
5734,9608
626,6303
7751,442
991,7227
6920,5825
9364,2951
9775,2590
4645,9357
4461,1129
2468,7817
6998,4569
7814,763
5732,9453
6944,9835
6740,5614
240,7081
6666,7147
4428,2337
5362,2498
8469,7202
2628,3333
1497,5469
7950,3986
9412,6242
9230,4238
9725,8610
8325,7679
141,588
8191,1732
9300,1248
1334,6047
7407,6343
6090,3249
6375,8528
8864,2182
2461,7907
5208,8736
7346,6511
921,3588
7165,8678
1200,779
860,6865
1431,4727
947,1040
217,1145
2088,9384
6053,3949
5730,4001
4685,8898
6243,5005
9942,2234
2400,2369
8601,6105
4101,886
1224,6552
2138,3572
3479,8201
3156,6083
7025,7829
5118,8533
4454,6108
9546,2627
7479,1933
6150,9353
2750,4787
9803,161
9159,1910
5102,6687
4821,544
9692,6037
6154,4745
900,8500
4962,8019
570,2010
4685,8519
5475,7142
9500,6778
3038,3059
4328,7990
6791,8874
570,1410
7148,9437
2644,3152
2230,3713
4309,198
1317,129
2224,9115
28,2536
5460,7716
6696,7892
1111,2255
5650,1769
71,7545
2866,1759
2634,8048
6613,1508
8288,9813
7192,7777
9517,6818
537,3165
9995,1824
5526,2712
6950,5722
543,4124
1391,3758
978,9514
5478,7008
5508,5136
1531,1384
7673,1955
5898,1523
5966,7604
836,8115
6150,5247
2473,3640
1550,3457
9025,681
1670,9329
5131,5297
9439,1309
3952,5689
9425,9413
2790,1399
7790,7251
3217,239
3502,2002
3604,8848
6719,9740
9506,6360
3962,3667
5716,1664
7964,3066
6564,8158
6099,7974
9668,2835
720,7834
842,5619
4458,7015
8296,5198
313,8254
5995,4524
8652,4089
5433,1786
8092,6185
5299,4334
8965,41
8594,9682
1432,8199
68,6614
7342,2801
4138,2798
2744,5565
9885,475
111,5052
8658,6862
4905,2505
6388,7649
9225,4105
6400,8646
7285,6110
7366,7288
2501,7253
9940,5435
7326,692
3815,5643
5977,1676
3861,4501
8751,1392
2434,3154
9901,2265
682,3250
3866,2922
5870,3735
6405,3983
3847,1317
9779,455
6905,3484
7999,7490
743,8403
9388,3815
4189,1881
2504,9120
8861,4541
747,2711
853,2906
3116,1514
527,4609
6296,1794
7811,6222
1862,4754
7342,8810
3640,2570
9842,2608
1804,9443
7925,495
2557,3986
9205,4082
574,8595
8902,2966
6215,4321
6060,7670
7984,9658
4389,8509
1890,6168
9398,5046
9435,2746
1292,746
8925,1619
8208,1138
4878,7556
9153,8120
9515,7992
9487,28
649,3321
8045,5460
9836,3653
4339,7893
9637,9933
3865,3572
4858,7615
3261,4993
3722,3482
6077,6529
1943,970
5754,5439
5575,6825
5223,99
7041,8193
1616,8929
9241,162
2867,4040
7978,8157
8014,8725
1842,7180
1082,8582
4397,7939
4682,5757
9886,5304
629,2217
8404,8988
3878,7911
5589,455
2696,3612
2299,8499
5880,6211
1550,8317
3868,6490
6627,1877
3970,8467
1811,7508
1893,7531
8690,3243
5954,1760
6628,8641
1393,27
7755,3152
9499,3929
328,890
8739,6548
3291,4159
6097,52
5690,4388
3726,871
8646,883
7860,7575
6590,7159
7998,8748
4336,8526
8572,2210
3906,1206
9515,2048
679,2172
2996,5630
4436,952
3708,3413
6850,2902
72,6100
8575,110
6146,6901
6514,1153
6678,3307
167,565
4831,8430
4854,8528
7622,7650
7097,4371
6791,4978
5003,1795
8375,6739
439,7203
7231,6383
1637,5587
4047,492
8988,3441
5087,5677
5594,5222
307,4657
1520,1796
8353,9926
2816,6356
3709,7624
9029,7514
8657,2078
1440,8120
4433,2520
501,5570
4731,1252
5555,9513
5919,284
6004,5079
5391,8555
3439,2887
8915,8365
5808,991
3733,9523
4986,8169
2224,5321
1109,4146
25,2341
3058,7102
1249,8383
5581,1111
300,9604
4670,9236
3121,1907
1520,4397
4942,7948
3639,4799
8543,8316
2427,6208
3596,1760
758,2352
5401,6637
4506,2168
6157,3935
1145,4785
5923,4056
6493,7408
4795,4971
7205,6741
7511,8019
7746,7313
666,3050
17,9909
8865,2382
5809,5607
5667,6138
9645,691
4124,435
4214,3628
7692,7
8633,8405
4597,733
4491,3023
9164,9489
8648,4000
8154,4802
4920,1024
191,3598
4107,592
3419,5053
511,7880
9893,7102
3809,4819
9590,61
1984,1566
6320,9141
6335,6330
9580,9719
1610,609
8997,6492
1307,1940
5033,6858
5904,3723
9503,6868
272,2488
1741,997
8737,3491
4511,5633
9671,4951
7274,894
3654,6746
4284,4101
5803,665
5189,3001
1526,7918
8056,3993
2130,2590
791,8848
1075,9460
419,5015
6070,9986
9518,4066
844,8353
9473,3176
8301,5490
7780,3130
6404,9341
6436,4615
2542,2386
8205,4968
4250,9566
8518,7764
9659,8273
6954,1571
8925,8844
8359,5824
9739,9203
8580,380
9220,2641
7530,8054
437,6227
5612,1247
5441,5610
3371,8114
426,6192
7162,9347
7329,3862
5806,6991
9735,8894
3934,9625
2288,7478
2059,1441
1094,7038
5283,9899
3722,2842
1554,1610
9205,7758
1542,5037
3356,9424
9070,8996
3843,5663
331,7990
905,4387
9442,7908
3787,5296
7268,8138
3809,8740
945,4077
1998,2269
5417,5938
6153,4731
5525,3432
4618,6299
6638,5717
1823,5604
5925,2379
4038,7648
3521,3111
1205,2960
9524,815
6854,1400
7984,8494
2179,7334
1053,706
7161,5452
1131,6741
1694,4871
542,3563
5344,9759
8628,6805
9750,5319
2101,5431
2930,3973
7029,5054
9297,205
4936,4337
8817,340
1499,1610
9141,8574
8817,9559
6251,8421
6859,1527
8799,552
85,9829
4319,8395
8915,4376
6009,1332
9747,3131
5157,6172
9663,1993
2885,5378
1862,5945
5333,9522
4277,1785
5657,2579
8878,7025
7671,5701
7488,5466
3409,6031
5529,271
1467,563
4430,426
635,6443
852,3907
4255,8757
8386,6023
2487,3132
454,9884
2762,6038
6669,6716
7650,3743
4967,5630
8330,14
6409,7852
6771,6968
5824,1993
9194,8649
3188,8290
880,4442
9417,6043
9822,1874
1306,3789
2869,1671
2784,900
9496,4807
5436,7024
9525,6159
8602,4477
1069,3352
2766,2606
5466,7732
3477,6408
8309,301
7992,4620
9710,9005
1691,7611
2,9402
4550,9834
8176,5188
9035,8007
6773,1049
3147,2003
9887,5876
2683,8306
2100,2961
7401,3863
6995,3894
1472,1126
1958,6210
3544,2064
3081,2509
8997,7465
6072,5137
6658,619
999,7363
9753,6912
4976,1332
1796,8498
3114,7937
7816,9804
7980,3103
7323,293
3408,2559
1429,9934
9916,6151
9370,9653
5049,2699
2726,3463
716,2615
1952,9070
2543,2365
5427,6705
2128,1821
6333,289
9551,8757
8199,8772
8826,3209
9678,8353
6487,8773
1467,9736
6311,7710
483,9555
8496,3486
3426,1334
6120,9025
1145,3044
3580,4825
8870,6606
3986,5317
7559,9017
2898,1063
619,9982
7138,9111
8914,8169
217,8925
6539,9124
9430,5773
8298,1635
6903,2042
1502,9238
590,1246
6768,6611
9659,8196
411,9617
5490,8685
5998,7305
312,7651
489,3194
4661,9950
4169,7370
2776,5595
8931,1549
9362,5156
2969,1899
1943,6702
6138,5803
553,9569
6712,4100
5506,4323
4056,2670
7371,9241
243,1711
4566,8002
3934,3845
1290,4387
1020,9950
5265,5022
3340,5487
4692,6122
1328,3175
7838,7631
2986,1207
8273,2079
7781,8986
190,9459
5935,714
9029,2445
3702,4100
5385,3963
2850,2112
8389,3512
4975,2615
749,6055
4044,9852
3188,5360
6831,3389
9569,9001
5247,8724
2498,3867
2855,1295
7655,9967
220,3128
9672,3976
9129,9842
4279,2144
4610,3675
4332,8480
3968,1625
5723,5703
8700,7741
8734,1308
5691,58
3716,4215
502,3702
141,1478
4847,5053
8159,1020
6639,4623
5116,2172
230,4042
2620,738
3680,8641
6996,1515
23,55
5016,995
8930,3484
1464,783
7742,4012
6114,1571
837,2017
1213,9946
7655,650
3320,3842
1943,1374
2724,5256
3945,7226
4279,542
2695,9767
4288,7200
6666,8080
1494,1039
6331,6191
160,1681
9505,7102
1549,9212
273,7580
7469,7031
5357,629
2473,8198
3242,5854
28,1701
1334,6587
5654,198
6152,3205
3598,6873
9214,8854
6657,8287
3192,4853
9155,6557
4309,518
6233,4120
1288,7725
9324,2384
7360,6044
4209,9992
8602,833
5899,5995
2002,5410
665,4027
9718,6660
3799,4953
1686,1427
8671,7869
976,5652
6391,8340
8321,3797
8463,4839
8603,6995
4934,5053
4689,3900
7257,1082
3310,943
919,5496
6254,2267
9379,2591
3668,9360
2808,1144
9292,7435
3549,4866
2399,212
4973,7518
164,438
2164,5079
4041,2313
8131,5077
2156,4876
2768,2383
1124,3568
758,9880
9394,4190
3958,835
3511,2645
4639,7028
2473,6586
7354,7193
8326,5323
5812,1562
7183,8309
363,6430
491,4483
829,3812
269,8645
6354,2962
8858,9350
9734,2183
7740,5064
4693,7775
3371,1563
2844,8155
177,6647
6293,6464
1344,9216
4784,9164
8709,3374
3685,8199
4347,4660
2570,163
4200,4802
1545,3463
1245,3842
119,6898
1338,4859
3355,2540
6449,1619
716,2368
9104,7904
6718,5424
2605,6919
4451,6962
8109,9721
8297,8733
6285,5245
1973,4632
9281,9509
1188,8318
5758,5039
6864,6463
9726,2078
8102,4261
3786,8785
3969,1821
5754,5427
317,7406
5786,9401
3595,2434
4865,4555
7102,3674
6863,9628
5455,6332
4770,8501
6338,9795
5736,2565
105,8419
7178,4839
9030,5325
6400,6
8899,2429
9640,8817
8300,4068
1417,5697
7267,9378
2341,2088
3599,1953
3419,3925
7566,8642
7121,8283
9707,4385
3757,549
1552,3299
1041,9682
4922,9114
5742,9294
309,8922
3549,6143
9099,4290
1888,1532
3804,8439
50,7924
514,1848
3240,8403
6670,7065
2584,9287
4585,6063
3843,6453
9159,3013
5443,8831
1134,7640
8618,7422
8248,6794
9461,3767
8377,2155
7897,3325
3492,7439
144,7072
8438,1659
1969,1460
7543,6530
6399,3
319,3230
635,7332
9610,1659
2170,7656
733,8902
6890,299
2350,7876
9957,3069
4780,3407
2680,4007
9357,2145
5566,6150
3297,5547
835,7387
944,8965
5598,9066
1346,1146
4651,6513
2411,8325
2478,5861
8314,9133
1937,6455
8910,8566
3564,1786
3142,1643
3904,4299
5385,6527
2429,9959
7605,765
2068,9651
2645,9962
1290,553
5020,1181
2154,6049
4183,210
5498,2276
957,108
6379,7274
3577,8519
6903,582
8178,246
6091,9813
7436,3449
6743,4033
3145,7721
2921,4734
8332,8115
2895,937
945,5485
7380,4758
328,6751
6983,307
4451,2373
8775,105
7044,1533
2515,242
9401,562
4385,9588
9355,1058
5125,5704
6252,8756
78,4550
3316,802
3770,9010
1132,3466
477,9628
3205,9044
2910,546
6550,5242
6630,3200
3365,9821
6440,8783
89,3083
7231,8754
807,8014
7204,2761
4314,8835
1687,6560
2438,7408
8706,7113
2800,5953
5238,9634
865,5666
4880,9208
1560,9574
1270,4673
9472,2364
3678,239
4875,8327
6018,2468
6641,8112
7479,7290
1007,4942
8227,1127
9065,2705
4088,6951
5002,8258
658,9821
1876,7043
4076,7841
3770,9460
8909,8884
1969,5706
7509,681
6875,9619
9179,5667
5700,7586
1971,7790
1972,2513
4505,6064
5155,1988
2277,1268
9526,4253
5199,1424
5785,5421
5570,5066
7013,9047
7363,1781
6073,7609
606,6383
1691,5484
6808,4399
665,1452
7806,5332
6700,4098
908,7488
2686,8705
942,9003
8236,5449
6367,27
2370,5773
774,3695
9488,1
3812,5635
8758,3344
4248,3640
5982,5600
7319,3875
9088,9200
9365,5366
3564,4602
4291,5544
8939,7646
8786,5821
9981,4798
6562,2546
2863,7491
1153,8795
6503,9976
6841,9315
3931,2046
9282,7464
9804,5516
7627,824
236,7376
2788,283
144,1948
1769,6547
1641,9149
9478,2174
2361,4417
1045,1630
8660,1081
7632,6758
9469,9395
9957,6701
5670,3640
9794,8002
6246,7358
4347,2750
1394,6952
5260,4838
4172,194
9771,9769
541,5189
8088,5175
9097,5522
1703,5527
9677,4080
5906,7698
6588,2128
1957,2754
633,978
301,3575
4779,9077
6303,7880
126,221
3230,43
1330,3725
1867,2193
4855,1644
5793,8520
1002,7549
8778,5651
8185,815
2464,4306
7183,2966
7868,3772
2451,8336
5036,323
4243,9763
1078,7607
7408,5945
9635,2597
4835,2108
9252,728
5914,4507
9836,2218
178,5184
1375,5548
4412,6881
8313,3118
9122,2752
8593,2072
2061,7264
7674,8105
4397,5822
3559,4779
4793,7523
1130,6535
5140,2941
7505,1077
4170,4826
5473,5149
3202,4995
921,8093
9763,7709
7685,6687
1103,5439
6209,5348
6986,6793
186,1708
6488,5205
8476,3548
6575,9668
5483,1119
4779,8801
6490,2341
4211,5113
3374,8000
3894,9283
3676,4604
8786,3675
9300,9464
7015,9847
5303,4022
2732,475
6918,4309
5735,350
570,6833
9905,8380
2873,8195
6751,9693
4206,5827
2939,1355
475,7204
3605,5352
4328,3010
1845,733
8861,9695
5406,4933
3430,3951
9465,8014
5711,5957
637,9817
8370,1084
4346,45
577,2712
3509,2199
4808,5555
4104,8452
5648,5954
5235,7014
186,1233
9603,8547
1559,868
4090,8745
907,2303
2932,8407
378,8440
5838,3568
3468,1352
5286,7323
12,3079
4698,9470
6668,1000
5620,4491
1709,1413
8862,4471
2663,8754
5435,1549
4935,5873
3243,2581
2819,8852
4940,3657
1880,6362
2428,2710
7669,7993
4823,824
675,7455
7359,4388
5569,7981
9220,5800
6416,2979
5278,2126
2179,7132
8842,1167
8757,8099
7477,9284
7331,3630
9997,2193
1586,8959
1354,3423
72,8037
7853,7733
3060,8884
6570,3148
1544,9006
9157,3662
8304,3316
1065,3591
7232,9297
2474,166
7400,9936
9639,7999
565,8869
7220,2681
1472,5407
4083,7940
5256,9969
2283,5832
7545,9225
1306,283
1329,6168
2636,304
3232,2314
8737,8606
949,1529
8462,3398
8975,6844
2214,6589
6877,2680
7932,1662
4910,1638
557,8886
4857,7414
283,7029
4704,8639
9699,8455
4028,7149
9801,854
1007,394
6739,2826
5732,9631
2704,8095
5503,8119
218,9104
3564,1340
118,3305
3612,9402
8080,5818
3014,8564
9912,1337
1434,4783
5425,7466
6106,2705
3144,5743
8245,4480
3693,4976
2577,6333
4584,4088
3977,3174
9987,4736
2121,8734
8459,8765
9825,5814
6676,1898
4974,4463
8416,3145
5111,4799
9234,3107
7008,1023
3109,2891
1129,5572
8683,2609
6076,5607
5376,7974
4139,1322
7478,4118
8670,7542
4943,4626
7718,9888
2132,1342
1060,3535
706,4409
2108,3574
2550,1538
1347,9990
3526,2017
3016,6548
9435,403
1514,2800
5488,6433
2690,2646
6954,5801
8370,8192
6102,98
6963,7642
7842,6346
6981,1138
1786,9939
5488,7402
9039,1440
6493,5938
2129,7628
1807,6025
2253,320
1314,9437
8941,4232
1842,1426
2944,2550
1876,2839
4503,2921
4299,8369
8995,4333
3499,888
909,4490
78,9678
3311,349
4840,4379
7112,6801
5744,6761
5975,4590
1217,1357
6653,8071
1100,1980
9668,9755
1705,2703
8721,3640
1943,4275
8778,4794
461,9185
4475,3395
9198,6414
9193,9016
9117,756
9893,1555
6681,9577
3853,6107
447,9494
2876,8795
4281,9748
5602,2720
1567,7484
80,8747
3057,6029
2011,683
7702,6220
2098,8551
4281,1564
4976,9075
36,8929
8879,5073
1594,6608
3521,4292
2074,7051
3548,681
5059,7563
4411,1703
4195,1053
6278,6407
4326,2637
4448,1299
5276,3673
6411,2900
2934,5032
9941,2560
7429,4289
8659,7721
5164,265
3696,4312
422,9247
5656,6628
26,6035
3470,6094
9484,161
1704,535
4759,1978
3904,6851
5,9230
1898,5987
5564,788
9853,4806
5681,6734
4438,9559
5692,5936
6563,4485
7611,7350
7749,5713
1281,4248
6545,5952
125,392
1374,1415
5058,3025
5666,6534
2986,4768
3758,6521
9547,2563
4044,6949
2908,8383
1510,8918
2892,7074
4550,9429
4705,5833
5138,7339
8529,5312
2537,5390
5286,1078
838,5657
1682,3522
4656,1107
1016,6561
1924,8273
4574,54
2368,6267
8039,8262
6579,5341
6757,4480
1558,8899
3397,1551
3351,7633
4222,4187
2553,8644
9169,6552
7469,1264
8946,413
5525,1424
6877,9477
1142,9515
7746,7269
8253,9799
8131,4898
1758,6571
2114,1379
3184,5058
2026,2745
2571,2766
9124,536
6966,6035
2616,5946
3850,9128
8611,782
3880,2135
8618,5634
3037,9759
1968,5816
8337,1615
6580,1523
558,3497
5591,3779
3828,2609
2777,1816
1581,231
1384,1748
2872,9171
7983,2644
5905,7655
4862,6624
2258,7116
3182,8432
1918,2407
8135,9883
6297,5661
5284,1817
9147,4679
7432,6319
2818,9715
1394,979
4639,6142
7101,8205
5500,5916
7738,5360
7460,3466
7900,4378
2642,192
2165,1401
6429,1275
9880,2491
1762,3271
5338,4616
6148,4354
5391,9894
9755,8934
4979,4553
9145,451
3127,2142
7582,2243
4696,2129
283,402
4530,5687
4851,3059
9994,3639
1985,6746
684,9491
7978,385
8418,6530
877,2652
9869,3009
8898,8678
5079,6070
1803,2684
6349,9452
2929,3331
7878,221
3073,2029
5956,1927
1592,6523
5086,7530
3931,1188
1046,5446
5372,4573
6634,8607
7142,3903
5503,9651
5463,4024
7184,7397
5322,9813
7457,3929
4594,8637
4383,8112
9056,7964
1216,5817
3208,9719
727,4479
2344,2194
5558,2833
1997,8418
6475,3793
316,3397
7150,9306
2670,5972
9764,7777
1083,6263
2386,6595
5712,8794
9029,7903
1222,9717
7453,7007
750,9493
5428,207
980,1196
3460,3467
9271,3844
6868,1451
4458,4492
1449,9404
7946,7516
3070,9108
5073,8300
7241,8112
1587,2566
4280,6012
1827,8198
9520,6927
4161,3288
8245,2228
6985,3716
2258,224
233,6023
1591,8822
6219,3869
3668,4623
3937,5260
9794,6908
1423,4925
7993,9755
6130,9824
9956,8848
9559,1094
6556,9995
5310,300
4968,6482
4058,4323
7141,9430
9019,6297
3765,7573
1276,7847
3330,4071
7196,9294
5125,4465
122,1826
7440,7570
5154,8850
439,4231
9068,1628
2684,3500
6639,7184
2458,6101
7603,4792
3407,2395
4723,7700
7461,1171
7546,9009
334,5813
855,4078
7161,3881
9675,7233
684,9147
2351,9008
295,6854
843,2929
6515,8869
967,5224
8768,5196
4174,5643
2636,8370
2159,6374
8081,1817
4487,1206
5334,911
9793,4940
8349,6148
1875,7896
8116,3330
4813,7115
8976,1413
7290,3756
8851,7940
4427,921
1744,9100
5842,3757
4538,2750
6777,889
6886,9216
3635,5337
5809,5871
782,5366
5867,237
5986,5324
1539,3872
7747,5956
4538,6663
7678,7700
6961,3025
4299,3907
2792,7169
9674,9058
4237,4038
486,3087
1994,3644
7562,1308
9080,2564
7484,9144
8222,9998
4833,335
6861,965
3133,6707
1113,1402
2148,4789
4257,5371
1496,9076
9468,4382
4464,5861
5004,7729
2669,6359
1330,119
7134,9254
7767,3814
4720,802
8123,8220
4165,2404
6612,6092
6,6454
6232,6583
6786,1430
9293,5764
8069,444
5311,9332
3259,3575
8006,5088
1473,227
6224,5846
923,274
7943,6046
1428,3104
7720,1465
6372,6082
3219,2886
886,8961
8437,9148
6906,9441
5320,8622
9049,2666
6728,3471
2399,6716
8728,6003
4002,6946
8635,1578
5115,1610
73,8718
2274,4942
8128,883
8887,2681
7325,7124
5870,1413
219,1319
4613,7
4835,6882
1334,1010
4354,3335
1879,7667
1345,8888
2330,3483
4296,2139
4372,518
5303,5890
6913,6010
9318,1503
9342,9586
246,328
6993,8236
5545,2361
3002,4657
278,266
7088,1429
8155,3005
4135,4976
6225,7747
4316,4599
518,2074
2641,4949
9935,9485
6025,9651
554,4748
4114,5912
9056,6614
7181,9434
1387,6887
6506,2346
2196,6295
7411,5072
3285,3024
3075,4976
1893,8708
3934,6991
2612,7432
8246,1022
509,7153
1807,170
5447,7659
985,2697
4194,9444
5770,7480
8899,6732
149,6368
4751,4516
5827,3468
1585,3848
6395,8047
953,8512
1843,7519
2584,2725
8613,8145
8501,6371
2771,6097
7232,9606
8032,3509
2208,1047
787,8228
5424,7574
9287,2137
9658,9852
6215,7621
7991,9410
4489,8252
8797,3179
1171,323
9663,2485
8197,2722
2667,300
7445,5875
3142,6701
9494,7997
7630,4448
8313,7776
5013,6901
674,5128
4101,2175
5875,6716
3113,4829
5308,9529
6171,898
4528,9912
6418,5761
1629,9263
9510,6730
3205,6376
8159,2355
4408,6722
3817,2056
6068,6594
1728,956
2972,5107
1815,690
9620,1997
2086,7855
714,7064
6625,1172
3479,5236
3978,6147
2468,8776
5141,1901
9420,5739
5419,7684
7634,6159
5493,7429
5201,5260
8269,6933
6366,3545
6339,6135
4647,3163
13,8022
7678,2467
8172,1969
1809,7040
1036,5689
1657,8916
7304,3786
2659,3530
7947,3840
8599,3057
8464,85
2079,4846
4921,9740
5199,7168
3982,5758
325,8152
2882,9248
4153,1822
3648,2029
1169,3475
8767,5074
305,430
6936,4664
2897,2304
5602,9678
1982,5372
4024,8954
9174,4825
275,8088
5176,8500
6588,726
7197,4630
1730,5127
2827,1321
1142,5342
4838,612
7405,8957
3890,1417
3003,867
1014,6437
6057,823
381,1879
8759,4790
1865,8413
4967,1745
2619,5952
8045,2804
9415,8005
8661,4663
5136,8060
1020,6709
1770,7937
4175,2564
8582,2898
2776,9616
7377,7344
2598,9799
8074,5588
8186,9344
4316,2131
9756,5676
8184,650
3397,5763
4287,4155
9383,6786
2756,6312
9805,2888
9199,7408
9301,8570
4056,5446
7206,8104
4690,8119
8597,4920
8450,9863
2891,8919
3507,1215
100,2280
2711,6117
5644,8652
6628,3152
3397,1546
529,1599
8725,2020
332,8497
5381,7136
3701,9530
5882,2867
6165,8673
5435,3148
4472,9622
2238,2824
9455,897
5945,4018
9091,7405
6479,8314
776,7809
1583,2885
3812,3567
374,8556
7577,9732
4096,7567
6326,9162
2401,1862
4924,4444
4185,4337
1583,3408
2640,254
344,8892
2778,2171
140,3579
7232,2410
5811,3358
4267,9676
3222,6730
8563,3348
6283,4102
1202,921
7353,8241
4800,8668
9540,8298
2269,887
3938,7401
2322,671
6327,8570
5626,6739
7074,8574
2273,7001
1330,3150
9860,707
3914,856
1034,7194
2635,8172
6214,8885
2794,9655
2869,5193
6428,3373
4073,2218
2323,9646
7527,4242
8311,1583
8611,6414
7930,7757
9632,7837
9369,3812
7998,9155
3439,4636
6534,499
9388,1775
3620,9339
6111,6103
5879,8569
8940,6271
3112,7831
2016,6160
7249,5540
9487,4045
9665,8370
5788,9176
6281,6991
1700,4797
7129,8844
6020,6410
153,3644
9389,248
8064,4844
16,9574
2227,3
4158,1062
8164,1803
7578,1616
3995,6441
5572,3914
852,7020
6089,2300
5556,1574
6870,3814
2232,7729
2139,2947
1325,8348
7933,2627
5360,6949
7414,7893
9609,9638
8660,5998
7236,3093
2138,9308
3131,3496
3061,9072
4576,2908
4930,1458
7310,7078
9517,3492
5595,5577
9598,5686
1611,1046
3583,754
7978,5275
2988,854
5493,1951
5669,9333
8091,7766
6708,935
9390,606
692,7968
8633,3476
58,8978
3123,4251
5179,2101
7433,8860
6501,4544
5531,9435
2417,3274
5944,3687
7202,1435
1027,195
8225,5278
921,9194
4319,3301
6921,8804
3212,228
7051,1652
3198,7583
2723,3543
6495,1635
3843,4589
5832,9580
6780,2159
8332,411
7837,6435
2289,2800
5401,1095
1772,7412
7055,2782
9803,9920
4378,4294
5825,8716
7128,9282
3196,9006
7353,5167
8675,6183
2510,7853
3058,2962
5928,5444
6326,9637
3404,96
3025,9232
5371,2423
6272,2744
5143,354
5036,8726
6094,362
9738,3611
2123,4082
108,8498
1893,7638
3316,7528
9748,5285
5522,6523
9465,7303
4216,4467
477,9943
2848,3920
9875,6475
1943,5896
6441,4450
9576,6601
4715,3298
1373,9210
9158,5056
489,9334
2279,3903
4329,8954
6921,8530
8585,9267
5304,1825
4408,7842
8974,9375
7328,3992
7203,2488
1791,7988
4122,9745
1106,6679
5683,2124
5135,7532
3035,2836
5886,3960
4821,4797
8573,2981
2558,2006
3060,8866
1367,5704
353,1777
5860,5743
6683,8416
5667,2255
3937,2567
5305,5392
7315,5412
6557,7285
4998,2640
4845,638
4982,8192
8161,7948
144,5803
9830,8018
6720,9142
6678,1513
3677,9252
121,6769
7917,1770
9538,7099
3177,4873
9108,9567
3519,5667
6265,5796
6724,6811
1420,1522
1519,9135
6215,6102
3177,6794
8857,4783
3007,5424
840,9636
6412,7988
9754,4765
8979,1028
7291,5582
7811,5991
472,7141
4896,3561
6997,4007
8400,6092
2886,3982
9074,6181
7811,1851
8497,5860
9397,5756
5620,1827
1211,2029
9270,7856
1150,5056
9877,2514
5318,3854
5396,1180
5821,8680
3610,4839
644,2940
1143,8410
8866,6863
336,8111
2230,9135
4837,1267
1831,6756
3304,798
9243,9791
7967,5501
3708,6725
2104,5723
759,6024
9926,3667
5607,6101
6471,7770
9857,5681
4628,9910
4740,9422
9270,1166
6386,1287
9331,6964
3336,681
6314,7330
4736,5554
3122,4122
547,987
63,1666
825,182
3387,3050
3674,5430
5169,6397
3310,8704
2365,8078
6076,5378
5265,1839
3786,3613
8935,4890
4312,2987
2131,9729
6937,9816
4205,9080
573,3325
7673,6469
4756,5342
9579,653
3277,7461
3180,1215
450,3999
394,7678
1025,6374
8636,5152
6018,5525
1485,9897
5163,2355
1293,8100
6986,2568
5576,2331
4441,8330
7715,6218
1482,4602
5969,4448
9891,2410
5139,339
228,7579
9326,8766
7292,5867
8711,791
6436,1421
3907,4833
3811,7798
6159,4457
7029,4509
2283,3138
6190,4033
7496,180
7564,3710
3918,2063
9433,1965
337,2468
8860,8593
765,47
9596,7137
2217,5198
7346,1233
143,349
1537,9664
7634,8400
5961,753
4249,1350
3429,9120
1981,4319
3002,3805
2453,4759
5358,5467
598,9078
8637,7150
7132,9020
7518,9511
6082,4331
6700,5618
4076,7106
1048,1904
4639,8260
7847,8737
3487,9420
5401,7508
1220,4738
5455,3622
5685,2854
4379,594
3594,4918
843,9386
8340,3402
3989,103
1651,8216
3572,8672
8561,4790
4405,4401
6765,8972
444,2990
6764,1899
9737,8359
5957,2177
2936,1615
4361,9383
4421,5851
870,3471
7846,7426
7069,1825
6938,7275
4116,9406
4414,4817
3434,2145
1292,2307
3912,1648
581,1914
3605,6676
2986,7166
7353,921
2742,6269
5356,2126
2049,1598
9315,3583
5340,7900
7095,5102
7899,8056
6195,2536
4899,5186
7363,1798
6020,904
2775,462
8490,4015
7104,3907
7865,6979
5082,9535
6514,6997
1081,7396
8344,5953
4009,9596
6387,6445
2539,7548
552,2657
7095,5550
3738,5471
1703,3217
2441,2948
5844,5845
3324,1131
204,7005
1126,8275
6377,6785
3946,1738
7333,9083
844,4816
3825,5349
6428,9762
3003,5142
3288,9268
1224,138
2060,965
4962,6793
4326,5232
3022,4323
288,3144
7262,8304
9341,1726
4866,1451
267,8941
3725,7708
8618,7508
6274,5518
6588,1469
3371,2218
8311,6524
4924,4550
6518,7889
6485,526
8691,1268
6342,6714
5386,6750
2306,7558
2730,9886
6467,8872
2036,2930
9393,894
3873,6842
6008,3867
5627,3490
2823,4195
2031,9534
955,8659
2512,2402
5609,7724
1100,9316
5288,125
6881,6925
4789,8146
7799,671
1771,6174
5265,3718
1302,5374
5282,3249
3219,9252
5115,9246
1701,4639
5312,7017
2257,8090
8183,4210
1691,3473
2848,9540
3118,1582
1708,785
7385,8245
4997,922
1312,9055
3310,7228
3119,557
1840,9292
8125,650
2387,4955
1380,3513
623,4388
3300,1272
8228,3439
755,3961
6539,8518
7607,4491
5648,1538
3887,8559
3774,2793
2979,9776
5352,5413
1729,3130
2161,4688
7418,6332
7417,92
588,9211
7072,4112
2797,6412
5559,2232
380,3919
9594,3743
2762,5972
5898,8826
9846,5898
9456,3098
6099,4269
5625,1292
7722,1058
4211,4330
5334,4751
181,8076
6864,225
5280,115
3758,1892
3144,7862
3392,5590
9447,5627
1861,7578
4079,11
1858,0
9284,6530
1802,6897
1092,1302
5040,1552
1555,6835
2538,2076
2101,2211
7090,1175
6040,9989
8558,8591
9214,3752
9600,6323
7529,7771
748,9317
340,2130
1899,1815
1550,5179
7086,5979
2562,2765
1350,6126
751,7272
8593,559
3963,3787
2094,2923
6804,2912
8022,8275
236,226
8398,3002
685,2432
7614,9748
7903,7244
1668,1576
1226,4113
8518,626
1512,3738
8475,5521
4698,5801
4047,3127
9762,6945
4410,4124
312,5600
5441,2201
6483,438
103,3501
5219,2335
9886,5673
6408,5950
2260,7565
1370,9129
3155,6163
4944,6331
3396,7299
1602,7578
1672,8483
6295,554
7746,4564
4100,3068
5664,7388
7256,89
2292,1311
2871,2091
5662,571
1282,1145
93,4439
8384,7010
6814,1608
3705,1556
1162,2868
5070,3755
5347,9970
260,27
4106,7130
8535,5116
9322,8859
1799,4446
7847,9194
9784,6518
7473,2388
1258,1326
3385,9716
8652,7398
8804,2123
8660,1661
9594,3437
8966,7626
2440,5596
9759,6829
7105,7394
5096,2153
1337,502
6622,4059
5615,2858
5458,8838
1625,7604
1295,6953
7023,1759
1441,3691
838,7062
1364,9003
26,4689
9729,6500
4529,4974
608,7346
23,9389
9921,4327
4852,3282
5057,350
5253,1661
6561,6734
3191,2866
6162,5930
569,4361
831,845
8068,3611
893,5893
444,6112
1496,9021
4574,6371
2156,7538
8952,1611
3030,1871
2898,1095
1276,9651
1268,5231
5487,2766
2927,4981
4117,6550
9532,1822
2783,4051
7595,6783
1303,8533
8720,6756
7058,5317
6148,1747
1055,1210
3024,1263
9568,5168
1126,4595
5872,8049
2324,3224
874,3761
8917,5845
9812,549
8105,201
9848,1776
4836,8887
6388,2658
9718,7526
9235,5655
8076,7286
1128,1109
4042,869
7660,7716
6693,5530
5121,6864
7393,6831
1801,8813
6392,6217
5148,8993
1124,8875
2218,2289
5184,8966
1039,4456
326,2280
821,1732
1569,318
3720,6267
6181,4542
5950,2637
5765,1857
505,5315
2380,3458
6928,5394
5743,4823
1538,785
7648,2787
953,6524
6025,7467
9963,726
2987,6041
1613,3701
4407,5778
1792,3954
4761,5080
2254,2367
5828,4546
4246,9185
3013,3320
6986,1956
4861,4042
8991,4886
3219,2208
9418,6311
8028,1874
3392,1113
7844,7623
8717,4818
3899,278
1810,9519
6769,6384
7118,3612
9674,9124
8195,2021
6660,370
5467,244
1839,6961
8244,4484
5202,4651
2099,4115
7602,7605
7937,7259
7502,8579
4420,2466
4669,9001
6572,3824
9593,3446
8896,5884
9249,1143
8371,8750
2829,8948
9259,4404
9493,9445
1055,1888
2359,8381
6804,485
9357,1377
3023,9520
5548,781
5786,930
7210,1818
2621,2655
6210,1979
2837,4341
7710,289
8775,3893
1835,8821
8629,4954
6700,8506
7694,8829
8761,9940
4853,3353
3775,5230
1571,3972
635,3099
2857,6671
4606,4251
5062,2664
6364,5398
7173,809
3046,7690
5224,4124
845,3587
5276,5749
3074,160
8015,2220
7267,7205
2025,8867
9001,801
4683,4414
3256,5110
3755,9543
9725,1078
7377,5955
9326,282
4131,377
1921,6902
9365,3768
6119,6913
8484,7051
886,3134
4380,755
1260,663
2483,5919
4334,374
324,3382
9531,1644
4119,1745
8331,6895
7177,6923
1883,3769
118,1276
4423,3273
3947,3516
4410,8792
7995,499
2819,8878
8318,3616
7439,3415
245,7427
1253,734
1591,451
2271,5216
5000,1326
1676,5282
7247,6566
2559,4263
6180,4830
1951,6265
9004,8163
3195,5532
1401,7430
2441,8783
4974,5405
6900,5286
6836,859
7226,5664
6061,6474
7758,3159
8744,3868
2295,6792
8753,8588
2336,9059
8414,7350
5278,1382
8934,7202
6650,9469
7852,383
3104,1596
5488,6994
2177,3474
9032,5131
8594,3478
2035,2928
9877,3421
7345,6579
4332,8031
8538,5589
8004,9380
4161,1053
3915,2697
5255,2483
1676,9284
27,2297
8935,3892
5185,1196
7892,4358
531,2156
3523,5538
9069,7292
4998,2632
812,5537
788,3550
2915,1750
6992,4842
9982,2739
5210,5776
9119,8687
8450,6975
5569,6484
9244,8055
7251,4241
5691,3446
2457,4770
5467,4008
1795,4741
8322,587
357,1914
1556,9288
2351,4774
1645,5625
230,9179
1119,6497
312,7257
9612,4853
7134,3025
8841,4399
998,4907
7458,2920
8211,9927
4558,2305
4409,9907
282,2671
1551,4081
5069,9603
8700,291
8352,9510
1728,1415
2156,8966
6327,4220
9460,5226
1927,4780
7821,4749
659,348
5017,2576
3499,2073
8213,253
82,346
2689,7327
6829,4299
9821,5625
6130,9421
576,4556
5678,2359
4026,6830
9302,2148
4589,8650
8927,6096
8664,7965
4698,6962
26,8408
5727,2097
8204,5364
5071,4754
5185,4761
6459,1116
9071,6988
5502,3256
6747,771
1840,2505
4558,3486
2954,9601
1607,8159
6964,7041
655,6848
9104,9238
7088,141
4403,9211
9441,6670
7922,3187
8251,8171
1095,999
8022,5484
5923,3119
7425,4722
5843,86
8119,3354
9299,9065
9895,6054
460,2545
663,1679
1674,5805
447,2962
6207,2709
2652,3616
9319,5379
7832,6320
2143,6781
6839,8139
4940,7559
8499,7417
4518,1124
4916,3528
3945,2485
9915,5080
2952,2831
9570,5259
2391,1068
9010,915
2491,3025
1213,3115
5821,2272
2919,116
6564,4473
8987,1523
6309,4193
1279,7772
7568,9170
2172,4092
142,2232
4892,3925
5688,6254
1837,1749
1776,7038
1231,1443
4263,147
2243,1611
4349,7003
8524,7605
6642,7659
9085,5056
1441,4475
3683,6983
8540,2651
7585,410
121,4865
4597,1670
7636,557
5966,4748
9556,3069
2205,815
2320,4428
4307,6271
1118,7931
4519,4678
1352,7313
7876,1212
5006,4321
7492,9554
1894,1625
3235,231
5592,2332
4837,8759
6400,5669
4415,3969
9278,6761
6814,4065
7126,1501
4572,1757
6355,3775
4163,1243
8593,5312
4169,5075
4534,7746
7250,2734
7755,1846
1453,9422
6151,5192
2619,1092
7351,1939
566,675
2775,9694
9351,6086
8873,6010
4625,8704
3985,2922
6975,7827
2876,9391
7914,5500
9506,1403
750,8218
4235,9092
6251,1978
5207,1292
9518,5985
8667,2016
1009,2463
3457,3114
2151,7095
1231,3462
6603,4388
3193,7786
309,3907
8025,9393
694,3507
6216,9268
8674,2390
706,822
5572,1766
1918,3144
9948,2556
7854,7290
4221,8400
4989,2874
8745,7064
6164,7932
324,5976
260,5886
2472,1077
3814,5489
5606,9998
5996,9405
2103,5528
7018,6084
1349,2041
872,5989
2112,4948
7517,7728
2356,1839
5311,3072
7498,2798
7661,837
8314,9177
1188,6036
7467,9869
3291,2384
6638,1918
8604,3186
3346,7744
6889,3084
5897,1161
3787,3341
8325,508
7706,148
5453,961
2968,9829
2129,1389
9969,6493
8501,5083
3534,6455
1176,1150
5684,6330
8476,8783
4708,249
8423,1206
9198,9410
6497,7113
1459,9815
4198,375
5148,7127
5546,4038
6207,2283
3232,7182
623,7859
5568,7839
4279,2656
1294,4536
3629,7838
9041,5582
518,6121
6434,9754
705,9921
8843,4183
5831,7791
7194,8827
8381,4728
7459,2070
1818,5965
4457,3948
8061,3906
8544,359
6485,2135
7026,9672
7613,3952
7792,4483
1948,7958
8673,1961
6603,9192
9012,9975
2346,7970
158,2858
4784,4636
8653,6899
5319,3412
1848,9573
7475,890
842,8383
7051,8775
109,1410
7584,3748
7171,1416
368,7438
3323,2936
2488,7729
3006,957
64,6904
3155,7292
1766,5142
9896,2435
519,816
9977,9239
2208,9538
5604,9237
5851,7288
2210,5619
6410,5880
4681,7364
558,8231
9884,5077
294,8760
9040,1887
695,2778
7813,8345
6052,4375
7463,7668
3409,1795
4183,5861
8422,2276
7367,3234
5191,5927
6092,3125
3898,4095
7192,7359
118,4811
5737,2458
8280,2250
1925,8723
7035,2172
703,3122
5515,2599
3683,179
2308,7524
104,6717
3739,4064
7788,638
8977,8577
4609,8164
4008,1714
4918,3441
8866,4470
9090,9006
683,4816
665,1040
5161,6716
8404,414
6717,1998
3721,7859
3021,1524
8246,9406
8154,40
1865,2402
6061,4702
1288,5133
8962,8501
9611,3946
7733,833
7840,9785
7,6633
3174,1142
1388,974
8886,9230
6234,7695
1712,56
2601,8445
5438,8674
4343,3148
2310,3884
6308,8300
7777,595
2734,9537
9205,905
4364,6863
8431,6323
5023,9901
9490,133
7481,637
9662,606
4418,4289
656,8819
9113,8872
6330,1783
9556,4618
6974,5115
8545,3708
426,6595
8606,8390
112,1778
7236,5505
1340,441
6850,7367
9603,4911
1875,9282
5787,2619
4158,5426
1546,691
4911,8990
2113,8944
8241,3086
7402,1951
7384,6317
2234,7005
9313,4786
9246,8601
3136,6848
5367,8291
5568,6913
355,8265
8617,5000
1352,2627
2380,9225
7378,5964
8874,1002
8642,8839
9150,3607
5473,490
1952,5801
8667,2247
3722,6804
7877,9781
7148,9216
9850,1336
251,4629
9869,6361
5994,7405
3730,4151
409,5669
323,9470
6428,6082
2799,1049
7070,1617
4887,7717
9781,5775
4762,7898
3341,261
3315,7929
7751,6099
9904,8355
5801,4739
5517,6509
1532,4686
1852,8537
2775,8830
7474,7502
6551,461
6234,7954
4294,8205
4197,3685
689,6866
4565,9846
4084,652
9469,2486
6170,7490
5594,3915
1710,6256
690,4125
1307,12
4660,7504
9687,7973
4310,6422
2689,9580
3589,8828
8276,2949
5089,6093
7604,9044
9808,1333
2442,229
3520,6798
7157,2068
5852,1003
3408,8732
3291,9973
3285,3904
8409,7582
8828,2680
2028,75
6,2425
1143,3666
9386,6325
1264,5818
6492,9087
4592,4021
9995,3467
621,7194
1598,5949
5753,3856
803,4893
7378,505
5861,5796
6656,6427
8735,9384
9066,9952
831,2801
1615,6809
9623,6425
2084,1722
1977,9268
6909,8591
3790,7863
1018,7950
7910,3881
3640,5887
2647,8564
7632,3677
8518,1069
2645,7489
3656,4462
8243,5516
3756,6167
8332,6052
3416,7394
1129,1026
2475,9017
5694,131
488,6491
6851,9315
332,2054
2032,588
628,6425
9868,7907
4039,6035
9722,159
9302,5349
7370,337
5562,9676
7308,5067
4951,7300
8411,1476
5358,4030
6317,4496
113,9304
2574,1135
5017,6401
9304,9921
8139,6797
7520,1711
5150,6624
4704,1169
4200,5694
5967,8031
3424,6412
2699,2628
2955,8911
6269,1586
1345,1337
2269,4887
1891,8886
5014,4296
9105,1484
1719,575
7067,7929
4880,1278
1884,8828
3641,7261
4788,1605
6023,1283
6882,5761
2339,7013
1652,340
9087,3820
3383,8900
2594,6139
2217,4541
5739,4902
4556,2645
2700,1874
4166,5109
4735,7564
6182,4149
8432,1678
5632,2166
9662,4600
2398,6263
7043,3223
3596,6012
1197,5651
195,9349
4976,6472
4568,9235
7702,6707
666,6916
6086,5506
7104,3525
8472,3997
3762,2942
2017,6139
6222,1169
8607,3576
9877,4708
8214,7040
1490,1916
3639,5175
9033,4342
5737,7220
9637,5952
217,236
5085,3101
5355,5474
5106,900
5785,9584
6313,6571
5148,5076
3162,9027
4977,4107
2638,1485
9534,5744
869,3390
7324,2508
1151,6729
526,4957
4791,6818
4663,48
8793,707
8876,8147
3016,9876
4438,8453
3957,1364
9486,5664
5056,3799
1463,8651
8125,9881
8607,5725
7252,1104
4365,3023
8406,7759
2290,6525
2183,7496
4784,5362
5703,9579
4555,8196
598,9561
4567,6844
8082,6831
9603,9470
9714,736
4502,5465
9379,2894
6293,4570
3876,7837
8984,1020
5526,8938
76,2556
2017,5244
4860,355
1723,220
637,4262
8807,4432
1036,3979
7968,2898
5433,6850
4702,3009
4553,4702
1864,6360
7264,7865
3622,7582
5417,9699
7929,5037
1722,8167
5610,1322
7398,5233
3214,6761
3433,1426
3629,657
1502,539
1176,8938
9480,8100
6719,8306
4010,762
9558,9222
5997,4423
3528,1942
7350,5142
1549,993
7381,6911
9836,2371
1428,9016
1101,2045
4686,5434
7846,3627
8727,3438
695,2706
7313,5377
5041,1839
6178,4953
6444,229
9470,1932
4731,3434
4962,8282
8380,311
7891,3020
2541,3226
8605,3485
4040,2802
6232,4879
5537,1692
7521,212
8742,4390
714,5920
1591,9066
7948,2239
1739,1724
6208,4189
8042,8688
2751,9710
6600,8840
4664,1923
4857,4982
8206,7621
3806,904
6412,7065
1125,9833
128,2091
5406,1113
8050,6532
3371,4422
6280,7619
6272,1404
7451,9635
6318,2587
5806,2679
782,9461
9126,2830
2581,20
6221,8565
7980,1205
9899,4060
7291,7308
5639,8480
5428,1302
8168,4970
5124,5638
3134,3131
4532,9630
7027,7291
8993,9955
9912,3331
8457,2509
2094,3521
2987,1092
5848,4925
3024,2436
3236,7368
6672,9337
1745,1976
4918,7454
7336,3961
7379,6021
792,7077
6748,2457
7306,2232
9032,9929
7230,9935
2790,3493
7678,7224
3105,7004
6783,4776
2694,8571
8266,1426
6824,6521
6167,547
9770,2017
5,5296
6284,4212
3627,8680
6441,6870
1463,9207
3122,2977
8808,3800
1163,3669
2386,4203
4157,648
5544,6548
9609,4354
3326,1246
1456,6805
5217,8968
9706,8927
684,3319
5580,9165
4704,650
997,8272
483,2746
5952,9445
6964,6
9090,7128
9174,9857
6854,9197
510,7273
9565,1172
3696,153
7770,4129
55,1647
8383,7626
3545,4272
7011,1306
9948,9406
5111,5965
1834,6048
1959,5744
9854,8916
9985,4227
6391,9745
3579,7962
5177,2516
7041,3936
1984,3088
5539,4052
322,6247
5915,3679
8359,5347
4115,9157
3403,8457
3507,5083
37,4788
3000,1678
9530,2845
2916,4093
2600,6068
9970,9384
1092,1758
6681,2424
1925,2516
9877,8924
6055,4483
2603,963
808,664
3357,542
3177,5679
5206,8149
327,5447
9865,117
3966,51
4465,6802
7299,3309
2619,735
4103,6140
8797,8992
1550,8912
4684,5408
6065,186
6505,9075
9461,6456
3265,9694
1898,8911
5422,7829
1739,7321
133,98
2973,3284
6806,3215
1851,7058
2731,8618
1017,2917
2550,639
8916,5645
7248,301
4030,8864
6795,9292
6400,592
103,6112
6533,1919
4132,8268
138,2038
2276,6548
2683,6187
6611,9986
4109,9724
2041,5793
4827,8251
410,1020
3018,236
4974,9125
9715,5360
9728,4878
895,6464
8581,2811
263,2686
4542,2021
2196,6328
3746,6813
9630,2576
461,3943
5961,3497
5709,9824
3342,8208
8195,7870
8018,4339
6544,4274
7440,1751
133,5656
4246,7583
9702,340
3561,2746
6601,7205
9089,4581
5410,6752
284,6160
9106,5693
4156,1423
8876,7171
2052,6814
9195,2961
8813,1527
951,817
5212,3589
4827,8673
4884,8040
9506,7013
884,582
9634,5940
9766,9817
7977,7059
2698,3995
9857,4685
147,3530
3245,3523
1865,3065
6063,7482
6013,8617
1492,4504
9281,7594
6295,5038
7235,6617
2034,1505
5825,9648
7708,9700
2438,5372
8551,647
1471,7336
1327,3508
9951,3963
8221,6188
1234,5627
1549,8172
3939,4418
1674,2529
8923,5008
2537,7717
3200,1187
9043,3784
7063,2100
9709,2507
5111,7242
5269,7697
2690,5505
3981,7751
3382,5286
7869,9973
3435,89
8746,2546
4291,8301
1297,3862
470,2838
7079,9223
4258,9430
7800,6542
6793,1076
8767,1699
2302,9519
3613,1674
1463,6671
9847,7794
5290,9552
9883,3212
721,279
4350,1051
4993,4074
521,2645
4637,7636
406,8196
3718,4921
7898,3689
6804,4383
9880,3419
1069,1044
7637,6123
6257,3826
9331,6948
8527,2123
3210,4208
7155,2304
3041,1805
3947,7425
8066,541
9112,7926
310,1457
7807,8243
1182,8112
59,6113
8990,5350
1910,3901
3589,8439
1108,2208
4684,789
5178,6165
2568,4985
5226,8569
3399,1948
2833,2044
3913,1246
2223,8738
5715,8506
6905,4990
4533,7238
3371,8352
169,3407
9316,1786
2599,1776
7901,1471
3310,9546
7318,1863
388,2247
5714,9422
6848,3678
3280,5909
8820,4779
6862,3380
9108,6463
4481,9272
101,5061
1429,2497
320,7267
4472,1546
3584,3756
5050,0
1006,9092
1025,3209
2070,3951
7276,6394
8090,2749
7957,1255
2313,7626
851,7469
1201,6188
8350,3770
6483,9122
4900,1730
5717,4795
1911,6309
1593,3212
4564,1454
9185,1952
1797,7749
413,3367
6562,3860
4762,816
225,2694
93,8548
7994,335
1463,1775
4668,9496
4333,4470
9866,3256
556,5405
4833,2885
9883,9639
3025,2110
2547,4984
9459,6439
6504,1523
2917,6465
1548,7243
7253,7470
7364,5659
9627,9799
696,9217
2285,9479
4327,9832
9199,5200
4829,3853
2106,2261
2488,3496
9381,1769
9534,4358
5379,2384
9901,3755
6454,8760
9154,4482
9377,8844
7946,4768
5380,215
6545,7363
8957,7718
2140,6789
935,1055
1950,7184
1654,1014
9612,3943
683,7728
1899,6831
3112,183
4759,9413
998,9222
8930,4277
2417,4622
9158,1813
5484,5930
3172,4186
9105,7830
8671,6703
403,1971
664,8540
4017,9434
4681,8387
5460,4874
8181,9029
4921,417
6283,1455
9078,8561
5207,6780
9749,4243
425,5664
5295,5371
4621,3703
4658,5819
9276,9865
9061,5039
6618,1342
2386,3870
799,936
5226,5578
1365,2687
787,4578
4995,7178
9763,627
5280,34
7674,6559
5351,9265
3666,1675
7724,702
7600,9832
2617,3071
6924,7870
2439,9537
842,4576
5149,1960
2200,2246
7692,1023
2535,7806
5705,5713
9822,5526
7012,1305
9906,5333
7808,8080
3389,4074
9099,1199
3120,1705
5524,2657
1872,8376
630,2466
786,6106
7191,2519
7586,9060
5075,7749
1087,8921
5564,3941
4170,3313
964,642
1114,335
8677,555
6346,3716
1467,9218
1070,7802
2077,1307
5805,9039
3673,6211
2904,4593
417,3601
2128,9661
2686,1242
8426,1109
3474,8251
5064,3318
4073,5232
1654,905
2979,7969
468,5683
2491,8143
6386,9608
896,8430
7819,3818
1529,1756
9254,5299
9053,6190
6828,9762
4509,5701
9643,9110
104,1609
5908,1653
3343,6293
8984,243
9053,2664
1122,3443
7756,9135
9254,6011
1576,5779
6722,9698
1567,6974
4746,6434
7299,8767
114,2838
5629,7993
4210,4945
1926,2097
4955,1961
275,1178
7140,4287
3775,9104
4567,4590
1070,4696
2282,4708
3185,8949
4424,7388
446,4678
2632,6081
5768,6625
294,7194
2896,2688
1027,656
4766,1814
8448,5504
1835,6222
9547,6318
9372,914
7730,3622
3134,6178
1464,6342
1148,8370
9158,4385
4876,4323
9997,9374
7485,7598
8767,3667
9443,9097
1756,1537
4029,4043
333,3569
4956,1018
6173,7689
6173,5710
1061,8356
3846,2679
2087,2291
1042,3362
3384,6733
5629,2752
6586,5483
1531,4624
1604,629
2570,8193
4336,215
1997,745
8395,2316
6899,9997
168,3837
4275,8285
5117,7206
3855,1401
7437,5967
9202,9796
6281,22
6862,8940
4609,4667
2006,8801
7868,8595
3075,9905
686,6125
68,9219
7105,5052
1949,541
975,2258
793,7536
3703,3415
7221,1760
4756,2170
2178,553
8012,8801
8093,255
1319,3436
3708,4723
7074,7852
5886,3112
6974,113
7859,4253
54,1193
4070,629
3727,583
7868,62
5324,9127
6361,5574
2718,80
7470,6446
9590,9672
5112,1130
3668,457
5990,9988
5595,7066
9816,2046
1998,5905
5026,9697
7385,868
4048,8595
2646,280
6904,8434
8306,5777
3278,7761
5554,9951
6793,4788
3612,4655
2859,2496
3637,783
5150,872
5169,1437
7597,210
5536,2867
3104,2035
2548,8021
53,7233
9246,9189
2728,6151
9169,3515
650,9665
776,1743
3372,3805
130,6876
2455,3375
4326,7877
3161,3598
3576,6822
2148,2055
5606,7594
2862,5780
7030,2926
9464,4627
8761,2749
3935,2849
5603,1485
8133,7542
4463,8888
5976,6222
52,8528
9999,5144
1212,2819
9816,2926
8273,9243
1296,5350
554,6130
3934,6578
3292,6883
7760,8747
7048,2152
2055,4923
5296,9954
5061,3244
1755,2287
6662,1876
4705,5191
3642,9671
4538,5948
6446,2043
7507,6419
6561,8983
6032,3982
6619,5446
754,6882
6253,6005
4696,3145
7898,8792
9719,3439
9142,2172
3709,2116
1952,5419
104,6661
3758,3636
7731,7588
6183,4398
1533,7066
2251,9276
4480,4006
791,8531
2745,4741
6150,7706
4182,2065
7405,1697
3427,2308
4505,9614
2345,3869
7150,2915
4309,5296
3452,3805
9184,858
2140,7188
7714,6202
2335,4750
7450,7324
9661,4887
105,9873
4675,8339
7877,7628
5389,6232
8663,6481
4625,7959
456,6807
9735,6280
5718,6059
5330,4669
4662,5404
4714,2628
3112,521
9659,9469
8041,2406
9530,2269
4838,6606
8700,209
6963,9918
4530,4425
134,6698
5458,2258
25,3469
2707,9902
5598,4026
4090,8467
8914,658
3685,5862
6293,7805
6483,1263
2017,3366
1434,1332
6422,7055
8054,1473
4490,5716
2531,6640
7959,2908
2917,2319
1799,3700
3224,1859
5202,9115
4659,7079
5012,8448
1103,1343
772,1868
9838,4774
7212,5971
3863,6963
3514,2425
2818,632
7778,5408
8228,9827
9098,1454
909,6986
2368,7741
5934,5109
1740,5142
3311,7599
3103,1736
5186,5581
5148,7145
3859,6410
2354,7517
2217,4947
7603,1207
4578,9583
6902,5110
1798,2357
3269,1377
8665,5806
941,6104
924,8435
5112,1113
8641,7709
4927,1309
7308,286
9971,4328
8034,9566
4108,2987
3376,9298
3636,3735
2490,1422
4599,7066
9033,3449
6785,8627
6685,2176
2502,2555
4663,3277
4322,9038
7378,6941
4875,5714
2537,6264
154,8718
2312,8435
454,8251
6051,3164
690,202
9464,6398
2464,4259
3397,2441
7301,9369
4542,5861
438,8226
2377,3129
7205,6524
2540,6539
3710,1805
7272,7436
7043,286
6798,5211
3212,8446
9514,6971
7966,5391
9321,2195
5495,1297
9270,3481
9500,2991
2063,1809
9076,605
2962,1293
5442,4475
7958,485
9084,3579
6718,9198
1238,2778
4591,9267
6496,1064
612,2480
771,951
1963,3746
9735,5637
2905,6192
1947,9202
493,3015
556,8802
2810,5572
6697,6104
8607,7935
1838,3725
5660,7855
7981,8916
7314,710
8253,3878
1914,1353
2001,1953
5201,3443
4779,6281
7383,136
3476,8559
5215,5831
526,7342
6310,7515
3506,2497
3839,9464
327,132
8413,9571
9003,4819
1261,2073
4326,3315
1869,3486
1091,4828
3104,4243
6596,5104
534,2690
2916,1643
7434,5991
6486,4341
5326,7364
9747,3001
498,233
2736,6604
2405,3473
9126,3057
6903,1282
6026,7427
5532,5000
866,7070
2481,4962
2514,6733
314,7585
7105,927
6180,9428
2563,5591
994,1408
4944,6241
5057,2152
3437,8187
6625,8973
2869,6673
4168,281
354,8988
969,204
6957,6539
53,9947
4030,185
3399,6172
3986,2851
2340,1292
5544,9417
7458,2806
1971,4476
3189,8197
1551,5542
4310,8111
444,1862
1051,7707
8836,3714
2886,8437
5396,7619
9438,126
4499,3966
9031,6339
705,5582
693,8689
4677,9953
328,2644
8329,9040
3925,5777
6908,2728
1015,4703
1840,1169
5860,7982
888,780
71,3074
4794,9367
1258,2429
4783,1218
4872,4086
5086,7837
6270,6677
792,649
4376,9998
8779,1338
5462,5800
627,8022
3290,8252
9124,3729
6400,6692
7979,1246
7264,5071
164,2794
2160,2968
3471,8558
5071,8426
2003,7381
8999,1877
2809,5524
6065,5894
2125,4273
1707,1399
4647,4395
4188,6618
1440,1862
4392,3435
7379,7053
1863,457
4463,7471
1206,9084
1612,1049
7727,8446
2488,3234
2149,7691
6055,1923
1641,9748
8988,9233
6125,9979
7751,8902
1859,9983
7474,9077
9820,6065
9902,3495
630,1074
8030,7988
4364,73
512,8030
4168,1467
4004,7350
5950,278
8430,4068
5078,2707
5455,5924
2676,8824
5583,215
4031,3285
569,5014
688,7584
3014,997
5678,433
4898,2112
7527,1403
4226,652
7102,5518
4963,1039
7958,109
6325,3562
336,3896
5458,4118
6397,801
4889,5245
4320,4972
8833,2767
282,3398
2862,4907
300,4407
413,694
2554,8298
8632,4086
9226,3624
9296,4168
1122,7147
1023,9986
2261,9877
7600,3431
4615,6290
5365,4733
9927,7996
4641,153
5236,4054
3490,2439
9989,5444
1475,4246
2734,680
9031,8733
9771,7223
1289,9933
5666,1625
8363,674
2500,8310
5969,9838
5999,4178
1881,930
8604,6354
5239,4267
6246,1353
6157,1413
716,7831
7612,6412
8349,6440
6725,5927
56,1075
3068,7096
449,161
935,9716
630,1043
2916,7895
730,5891
5148,6856
2689,2442
8822,7891
7707,8450
3915,3966
8475,1804
7022,2284
1654,7914
5353,5380
3879,538
1976,4230
2754,9454
5125,4839
9298,1085
6743,5069
6153,8095
5295,2898
2312,7881
8737,3485
8423,452
3986,3871
1014,3034
2495,3797
3036,4578
7016,6464
6118,2192
2796,4050
992,1134
8737,1898
8477,2415
2993,9233
7189,2290
4803,3909
825,1315
6240,1083
4465,1881
7253,7077
963,5704
7604,1441
2406,8759
7017,5646
1862,8026
8806,7786
5664,8288
6499,5298
1329,2838
2665,5322
2033,5396
3367,2828
5064,7378
3075,4453
6676,9045
314,8467
5140,358
5544,6032
2887,7259
3443,1632
4517,6707
3840,7691
1927,4547
3651,7021
1285,4899
845,6630
1113,202
4342,5578
1685,8889
1140,2904
8707,3581
9684,8282
1016,9798
3706,5927
5349,991
3290,8024
7226,808
6823,3744
9894,5197
9384,9864
5376,9058
2990,3071
1419,4970
8220,6564
4794,3043
6467,9262
5226,6747
4566,3107
1659,2246
1864,316
5829,6774
2285,6741
4943,5358
2054,2730
4835,8733
3508,3344
2659,7668
5161,6547
7375,4202
2758,273
7216,3146
9119,878
832,5806
1207,5467
9356,8058
1948,8365
8776,9908
6373,6392
3537,9377
6612,6828
3907,5730
659,6251
2798,1238
4572,6631
1916,2613
3697,4358
3527,5024
4687,8578
7739,3311
5252,8621
3139,6297
4824,6071
4609,9007
4360,1451
3487,6160
2124,9390
8056,9316
9897,8693
6728,8671
7032,1098
2881,6270
5927,9704
4811,2847
8949,8203
7367,1492
9568,8284
9467,2821
7941,9496
3271,9739
1139,8073
7518,9208
6502,9943
8435,1660
2822,7158
9894,6178
125,591
8893,5130
2514,6068
1491,6189
3720,1159
6980,3076
8556,734
1735,1475
5176,2890
947,1995
1572,3667
3977,9546
3036,5916
8796,6621
3267,5374
7798,84
189,7888
3360,3778
521,797
2125,9157
728,333
3331,6385
2714,9564
7783,4359
5366,8613
5216,2105
145,3213
3894,8020
4998,4401
8991,459
171,4239
7663,2802
3986,440
6724,4649
5195,9277
7001,4658
3493,4550
2506,4977
6358,3691
9467,7768
8315,5115
9250,8899
5397,6002
2124,7242
3572,361
6934,5688
367,5038
6330,1680
9383,8712
6815,6632
162,8682
4022,3332
5224,6234
7269,2214
9602,3062
741,5064
2821,8256
8994,3739
9877,2465
7174,5663
6081,3207
46,4194
1406,1962
8010,3074
8425,6365
2995,36
3966,7911
7681,2637
8077,5048
1073,3364
7298,6151
5627,2308
6748,8787
9288,3432
8169,3861
5713,1596
9843,9505
7122,3473
3998,6978
9686,9778
3483,9780
7073,5370
2191,1051
3804,74
6653,7741
6261,4331
7806,6467
250,1554
2211,2190
1360,8169
4867,8889
9229,260
2765,1945
2579,4747
5045,6302
5960,2090
8885,425
4028,6918
840,6369
9866,6159
9284,9937
5733,4873
1131,6730
5740,767
1263,1748
3863,4328
3790,3581
1420,8158
9859,7031
5669,1892
8381,2326
3117,9608
6142,3302
2381,2011
8692,2220
5756,2518
1429,7574
5866,277
8255,9449
7540,3938
8390,9330
9695,4035
1407,5489
4945,6701
3388,8844
6431,3912
1881,434
7473,8983
3303,6154
8566,6554
2145,783
1084,1582
3422,8349
3660,343
1158,5637
316,9914
6630,6627
7348,2916
482,7595
3648,4898
8819,2245
9616,3962
7208,7493
6589,9667
3974,9252
8962,4942
5502,5229
4729,8363
2278,2867
1940,4544
7887,3664
1896,6189
6299,7625
7020,5057
851,6948
8909,2599
1936,704
9619,1193
3924,7417
8061,8279
8561,8201
8227,9579
2097,7083
7300,7988
2314,42
392,807
2472,2386
4344,8590
9638,4760
1086,9023
7659,4829
9554,903
9358,148
7747,5927
8876,6148
7218,818
5584,1528
792,7159
5173,3317
240,1318
814,806
2064,8255
5961,5421
1012,8108
8321,9583
4525,3871
3338,7746
8248,4145
7800,8245
2144,1569
2545,3356
6227,6520
4937,9928
1623,2923
5607,334
8293,9684
2320,1647
5801,5466
9671,8131
9513,4922
8054,6145
9203,9049
6775,8684
6951,7781
5912,6108
3027,4533
1677,8018
782,7289
8144,6083
4926,1304
920,766
7897,381
2632,1619
5202,9951
8382,129
2903,4423
4777,1638
7078,9781
935,8095
6732,1426
8201,6917
3300,9411
2515,3296
4859,3590
1914,912
8555,1894
8782,9684
4267,7921
1661,5264
8387,4940
9370,6697
8037,9019
8616,64
1621,9980
737,6916
283,1257
9014,4796
2191,1867
6073,7337
3106,6853
1550,6974
8537,8573
2423,8184
1238,2216
3062,417
1663,1423
3695,4003
8847,867
7599,2371
4652,400
3320,6401
2688,9996
8802,6948
7693,8504
7928,4587
2230,3705
670,9371
6922,5389
1730,9288
5590,7675
6010,4517
6120,639
5780,7219
8751,7093
435,3486
3735,1500
2735,6380
6699,98
5557,9708
8425,3364
6238,401
5039,4190
8230,5595
9496,9540
2668,822
2385,5584
4291,7548
9302,1748
2302,456
9384,1689
5598,2420
2145,4837
9481,4243
4122,6218
4694,702
833,1363
1865,7628
4690,2114
4589,5376
134,9700
3776,3820
7069,8074
1920,6319
9381,9085
6359,326
8165,6726
2193,1167
4869,6426
7547,37
2904,9498
1371,2214
1906,9249
1861,4704
3611,2871
9776,5714
4479,709
5280,6500
5847,2566
9762,3238
2777,543
3587,6278
9493,1441
631,1609
9062,2601
4531,3769
260,8109
9492,4613
8918,399
3975,1850
5082,2225
1094,722
962,3448
8003,2375
5153,1930
9163,3130
88,4104
407,1366
3411,4988
7597,4401
9611,2867
5017,6776
8434,133
517,5668
8890,7204
3632,3712
7977,5470
699,3858
9138,3858
1270,5016
9842,8058
254,158
3999,8585
4340,6241
3864,8740
8876,1035
5318,5185
3310,4003
74,4364
9925,2412
7961,7623
4206,3491
5571,6987
7646,5005
5590,3905
9581,2018
1085,9164
7063,938
5678,4814
7445,1965
1891,2178
7502,5509
7794,5978
1178,5969
1442,7454
6393,8626
781,5935
1856,909
3885,3941
4940,9464
4410,1987
1229,7035
853,3604
1584,8836
5733,5152
2668,9047
6493,9827
7799,4369
6240,672
1578,5604
1381,658
2183,2803
2226,4246
1554,4803
3651,4173
9061,4676
1850,1037
1120,8030
6709,5967
6369,8848
59,5527
1695,5405
9560,1397
3577,6675
1983,7083
1283,6233
9091,7248
4540,2484
6077,2606
6726,5010
7974,7394
4657,6717
5188,6315
7543,2124
5468,1567
9868,3438
8413,7597
1855,1572
8441,2040
6199,4863
4358,9042
9459,9565
8082,3188
2380,4250
2130,2792
777,1208
3943,9013
3478,6308
5065,4273
8179,8925
3362,7796
4642,8905
9892,3824
923,5792
5499,9614
8813,9343
2512,2076
4821,5341
7152,525
4261,333
4322,438
1405,7348
1721,3861
2541,1743
5803,4147
4618,5976
8471,1658
1341,9016
1696,1403
9418,7557
2436,2243
2682,5802
4271,8403
9277,7142
2328,3195
5610,2817
9864,763
1346,8279
898,6252
9726,7619
3778,9973
9120,1463
6963,927
933,1696
6702,4754
7208,930
7903,4079
995,9571
6671,2273
3208,3567
4127,334
3124,21
7139,1659
5365,5235
1616,2925
729,7710
9824,7596
9985,2036
2672,228
4742,3037
4667,1061
7150,1388
7125,6326
9157,7691
6292,6565
3159,1206
872,2803
3163,1607
1934,2253
4502,4346
2698,433
3390,3520
9208,1654
3748,770
2228,3786
1925,9379
6674,7399
746,257
6200,514
4741,9152
4662,371
8221,4102
9070,4416
4608,645
8661,8327
2379,8236
6013,3041
1447,9180
7323,5354
6081,1598
9886,6998
8488,964
2208,7562
1945,1417
3258,134
5746,3657
9819,4856
3555,1923
9057,7341
7916,8139
3832,1418
1738,1911
9087,1110
1453,4470
8689,2004
2185,3645
6832,5221
4426,7674
4106,5977
3613,8407
6626,6884
3446,8154
2174,2401
4077,8316
6375,6190
7528,8351
8618,3574
8578,740
3351,4008
5960,7
8985,4469
2293,3745
62,5818
7738,2953
2189,5184
9791,6250
6832,3470
6422,5815
860,7155
2880,3960
220,6156
8688,1448
9670,2992
7691,6835
3668,6196
5290,1836
7713,9724
8027,2411
5852,912
6555,6220
7248,1448
4910,9870
8267,8584
8541,4327
2857,6628
9791,4219
1363,1315
6942,8283
7141,5648
4993,3071
2686,4536
613,7672
6752,7082
3810,734
6480,4792
8728,5400
1138,1958
3549,5794
9069,5683
9680,6176
5260,7996
5543,4442
1799,2115
8697,1872
931,412
3737,6798
5214,3157
588,2755
5295,7622
3049,8293
5473,9548
9841,2514
3853,7212
9365,2543
7080,9969
8995,8663
8005,4104
6672,2995
9550,9727
7302,5812
3356,8751
2026,7967
9262,4131
769,910
7473,9954
5561,5316
4815,9979
7494,1790
1328,2354
1356,5252
8374,5692
345,1654
8997,102
542,193
2150,1994
7149,4090
7493,5309
3139,3573
4045,3190
3608,6999
966,938
5785,3039
888,1419
1982,9863
7007,9180
8985,3624
7711,9343
5803,8838
3900,8437
5129,4693
2181,7923
3680,7925
8221,126
6842,9221
175,9694
7463,8438
7602,6578
4767,6007
3438,1493
4325,3829
6472,7597
1308,9229
4513,511
7423,6709
5537,7795
6611,6119
7567,1720
1820,6719
3595,8298
8867,5306
662,4531
5956,4876
6969,2815
6210,9313
4970,8570
9740,78
37,2669
2567,4528
284,6681
8081,2695
4986,5051
449,9484
8945,8829
1655,8718
682,3546
8655,3239
7987,4397
8634,5862
6686,4466
6938,8676
3160,638
6733,1841
9856,5648
3949,5184
7847,9969
7324,6975
6202,43
4304,901
219,1775
5856,2181
3813,664
3816,8959
4159,9786
5000,4531
6265,7828
3326,9504
3661,8450
3695,5727
5566,4575
2991,7276
5942,2487
7014,261
334,9097
6299,3114
1528,1108
9378,9449
3282,8450
8891,9631
1578,346
8643,6007
394,8830
6569,6523
402,638
7617,4033
7125,6295
90,7970
1774,5382
3849,1869
3056,4346
6909,5660
3132,5708
4995,9115
256,1120
4494,8985
4315,822
1272,8425
4833,459
2702,8835
4129,8296
7670,5621
2400,449
5634,4374
5610,2666
5050,1319
988,210
1851,2402
936,4198
1075,154
8164,8585
9413,6687
1367,171
5289,5125
7360,6806
3826,8352
2664,1161
2788,4222
6578,5453
1091,7652
894,5771
6571,5345
5658,8742
1931,8549
450,9023
3275,7955
1701,6623
3349,3900
9075,6595
7712,6273
547,7488
8062,7896
319,3293
5707,7953
336,3460
3945,8869
2022,7637
7765,4598
391,9327
8043,500
5282,5229
8031,9695
2685,9097
5314,2711
7971,2170
2631,9395
2640,5447
2799,5919
464,7571
6250,8081
7663,6374
6617,4188
1276,8419
9018,93
6673,9433
1431,8899
3058,781
1147,1932
3732,6817
8961,468
6061,2098
7282,2665
6222,5514
4547,4815
2768,2751
7976,9913
2875,4586
8465,8811
3195,7969
9767,9404
4833,3360
308,8969
835,8105
3829,1051
501,3172
7498,9263
570,4153
4352,4799
7002,9016
7090,9643
4403,3172
8503,9898
2023,6291
2993,8553
9230,1100
190,266
3733,3058
9597,2463
3136,6227
7325,2458
3867,1228
4365,3261
4597,7220
9549,8164
2588,6177
3767,4648
8831,4667
5325,8921
4014,4564
6821,991
9803,9825
393,615
5914,4599
2173,9571
2162,7395
9724,8121
409,934
9697,8396
1542,6117
9698,7122
691,3665
2052,1108
4562,5643
3339,4372
4436,3768
7673,6409
8860,4167
6689,9231
9150,4227
8528,4959
1301,5708
5612,3847
2231,6067
5047,7948
5734,9290
7834,8729
1702,4877
3721,4867
1680,9424
418,7175
532,4890
6354,443
5625,6585
8109,8739
3269,4278
4751,6768
3008,8698
3065,1732
9353,7586
1653,6855
855,4210
5131,7621
9126,1447
8934,8745
4683,2433
125,6648
1528,9367
7193,8490
950,4921
6076,395
6079,2402
3625,7462
1920,6880
6997,9281
699,2146
958,4760
8452,9279
2699,4598
8535,4873
6238,5094
5814,4987
2727,5369
2801,2025
781,5302
9542,7319
7120,4480
3562,693
4785,1417
6011,1740
6391,9864
3526,4952
2444,3128
3568,9023
1802,2626
4354,7804
6877,5974
8059,8427
8977,9883
8105,7031
2199,6796
7548,9960
2626,2192
9977,978
6947,5017
4120,4772
9558,8571
2649,7707
2862,7028
5185,6728
4469,5744
9866,1015
3645,7648
6664,8457
5262,9615
9352,5821
5281,5345
79,41
1861,6585
5239,2356
5047,6985
9871,6433
161,3181
3817,7654
4947,6068
9960,8778
7290,5739
8784,6021
6475,7147
3419,5485
8458,8518
996,6021
4738,412
8262,624
3968,4170
9241,9359
8933,6187
7824,5025
1168,7017
6314,3049
4828,8676
9450,5761
1084,3299
3782,9543
3153,9762
6834,7248
9329,6096
7778,8538
7705,8314
6618,4872
4455,70
5877,8762
2121,8295
9221,3396
4957,4
1304,3828
3273,3032
359,240
3089,3997
2205,7250
6472,7200
201,3249
7849,7753
2055,29
1848,2079
8200,4705
2593,4706
3041,32
475,5541
9813,1553
9934,3561
6234,4911
8887,2659
9196,5768
1870,441
3885,2660
3185,4964
5047,2133
2286,7891
5532,2864
935,3010
1399,2851
7865,3987
2799,1270
5570,826
2100,5811
9723,577
7719,4366
4986,4278
2398,1764
5491,5744
1634,1332
4762,6463
5524,492
6893,2227
4324,3745
8419,624
7537,2447
7446,3702
4194,9753
7085,3767
4201,3524
8299,5768
4301,1140
6343,3559
4021,6831
5178,7687
9471,6578
6802,5714
4351,969
830,4510
5885,4979
1445,9906
6025,7377
7430,4840
2115,500
9826,3861
2207,1657
7068,9266
8953,9433
3248,5803
4674,8548
8410,153
1495,8884
3746,5052
1883,9337
2286,8643
3084,2158
147,2359
6917,3268
1123,9949
6940,6811
2387,5756
8617,8352
3840,782
9822,6735
8894,9186
8367,3896
1092,6827
2128,5396
8147,6696
1093,5994
4047,5227
7995,7290
8466,2899
6379,8410
8775,5837
6487,3653
7438,3009
4666,8123
7280,9683
3957,607
1279,9605
832,4188
7967,3318
6042,5506
7106,4543
1562,4028
6053,2128
1430,1767
3454,9179
9686,7774
4555,3875
4708,4855
1924,7058
2332,894
7419,4194
7153,3790
8543,1529
6174,8734
5402,2441
9648,6446
7275,8
5318,4413
4965,7889
3360,4792
4689,6514
5595,8249
6130,909
8799,1905
4023,623
8608,4001
8790,9582
3388,5076
2224,3436
2149,5551
3766,4262
6680,2086
1917,4806
8819,1839
4464,727
9340,6039
2271,280
929,2955
8311,4051
7191,862
3085,6134
7808,573
9845,1091
368,5746
3518,1690
9734,5824
1868,7751
4743,5079
8657,739
9633,6457
9134,5796
8333,3866
3530,5950
2564,7913
4823,9688
3327,4994
6099,3602
4957,5420
8934,5404
794,7936
4611,6142
2480,6871
9824,8830
7382,7126
5633,1446
4972,4302
5148,9590
7150,6987
8359,8511
2964,6740
8993,5066
9124,8050
4893,1058
3949,8167
2538,823
2531,6000
1106,7574
1956,901
784,5373
2816,2609
1185,5473
4043,4635
2068,7263
2720,5188
5418,3864
3246,1700
5308,7885
8643,5152
1866,5999
1592,2601
251,7052
4667,45
7430,8445
19,1388
8357,9359
5875,9356
2454,7733
342,4
4755,525
7052,9396
936,2399
8875,9837
3229,1660
527,9036
9825,6452
9587,5379
231,656
7027,8485
8585,6165
9376,7100
8344,5387
6828,9269
7244,5914
4136,4241
9865,1131
139,7332
4695,5131
3248,4074
2647,3985
2870,1544
9828,2337
2149,4125
8822,5145
5430,3114
5747,6458
9981,3141
2185,7280
526,9527
984,7726
2028,1390
4968,8719
569,8798
1086,7128
1252,3520
1187,4975
1291,7757
6256,9658
4011,5120
1932,3009
8861,9988
8996,3976
2431,5901
3224,8981
5173,6726
4159,1629
3405,8190
669,4668
7419,2391
1133,8807
6068,2169
3426,4188
519,7379
8898,1974
3383,9150
9002,2356
9445,7225
5464,2284
7604,8446
6389,8529
9230,549
3383,7224
8641,4801
5632,1923
4474,5002
8225,3752
2246,6422
9929,1740
5639,1521
3839,2628
2681,3512
4586,8103
2849,4814
3435,8147
1689,2495
2588,5310
635,8536
8882,8150
3637,4401
2273,5406
5877,6530
1904,3720
5354,875
6212,8434
8279,9755
7018,2636
6370,5836
8435,9542
2713,6805
2747,5875
2514,3686
1652,3627
8891,5367
9321,6446
8038,5448
2497,5399
9513,9953
3534,5415
1033,1028
8377,8993
2114,2089
3225,1281
9461,6641
3773,3711
7963,1702
1895,5393
9514,5595
628,9925
6635,279
2702,3482
7776,873
9441,9133
8244,4229
7076,9141
8785,3971
7135,4480
5768,1434
3528,3622
779,9439
3765,4997
6924,5876
30,5753
7495,2665
1752,1910
1743,3652
8796,6940
7527,443
6630,7293
7417,6514
1570,1725
1828,7186
6659,4572
4922,7980
2931,2731
8042,2078
9974,3317
6189,1083
8265,8733
863,1288
2143,6312
9766,7877
2151,451
7623,7439
8466,6102
62,2025
4116,7150
435,982
5512,2138
3442,3962
6352,9959
3135,7841
9833,6414
7331,1175
1924,3686
614,6906
5674,1940
1013,7360
6050,8162
7359,5130
1954,9600
1536,6931
4908,6609
6467,5221
7705,5344
1299,8227
7474,4436
1862,4942
274,2219
1413,3716
2686,3924
8015,8153
1970,5202
7695,5127
9613,7957
3475,7704
1580,3614
3423,8144
912,3767
6180,7353
4058,9667
9626,6817
3080,8182
8406,4201
5878,2998
9413,4331
2381,8659
6613,9976
2991,6996
3390,4622
4577,5369
9131,4606
2378,7466
8456,7827
3125,5606
1317,3416
8301,9337
3029,1285
7825,9637
5421,2141
1367,5937
3397,4589
2070,5789
5087,9815
4640,6628
8796,1864
650,6920
8520,210
3840,8679
5895,2228
1937,5775
4679,8210
602,899
9678,2887
881,2306
9168,924
4280,3486
5297,6288
8649,2927
50,9364
32,3827
2637,7998
2642,2377
8469,6056
8506,5360
6915,7915
8869,7332
2984,8575
9620,1974
8043,2505
6201,7866
2355,6439
4462,4935
7492,6102
8149,2434
6331,2784
9764,2442
2123,5029
9629,2669
9328,1023
8806,3527
2586,4301
1333,456
2768,6622
2676,6218
9014,7038
9406,434
2698,224
9716,6773
121,4728
6507,3748
4720,3729
825,9581
4774,5940
3837,9010
581,5860
4886,2891
2597,5350
9150,7256
2672,8034
8847,3979
3218,3514
349,9793
330,8207
5633,2461
3984,9040
9736,2154
7161,2503
7382,9913
5353,784
5226,5442
9511,2849
7107,4164
3741,6821
8306,456
3375,7854
4866,2080
1440,452
4697,1218
7459,7319
6548,1360
4566,1837
1071,8016
5618,6488
2339,4589
8065,7669
332,5581
3052,4417
4278,14
7881,6996
6779,6311
8036,5653
6514,6542
502,6485
1410,5589
2373,9819
232,2953
8538,9206
6335,9050
128,5278
6906,5576
8851,4287
9301,555
6136,6730
2986,8590
8507,173
7944,5290
789,3133
5846,2586
4945,7485
2937,4633
9746,9620
7164,6319
7761,2559
9386,6410
2178,369
2103,7123
552,7788
1247,512
6226,7384
2553,8065
4101,8014
6092,8913
3460,2243
8468,4058
9699,9298
6699,1203
3515,3115
3786,8420
8735,3516
4384,2951
651,3435
1617,9113
2496,4323
5411,2583
8067,9378
1335,2039
8986,4570
1246,9343
2293,8876
7871,8031
2782,2506
6723,8231
3520,2324
8106,4415
8866,6483
2322,7384
7606,2073
7290,8858
1413,8525
1793,440
1332,5484
8838,6885
5792,1728
8983,3068
5349,1410
7057,7123
4184,3838
846,1808
9883,5920
2005,7023
4459,8191
4825,7208
6789,9573
8008,8137
7111,224
5721,1112
7665,8597
2143,4202
146,3791
1950,8889
2720,1625
3088,243
6830,3161
2138,3067
6896,2282
2657,2929
3251,7393
6167,3574
1233,9470
7387,9976
2533,6346
5883,902
3268,370
3349,2789
1589,111
842,85
4006,5136
7999,7542
747,3460
9991,9450
9214,5600
1926,5629
9940,8636
8189,1513
4270,7410
5394,466
4691,6639
8765,951
9820,9742
6240,1338
5580,5136
9019,8427
524,8516
2922,5427
4970,763
8839,7384
5607,564
7634,5556
1375,3065
8957,1529
9947,332
9211,8834
3081,4685
3266,6340
3887,2076
6566,8939
2760,5622
8066,2795
5612,361
4515,5942
3096,3379
4201,3158
1321,7697
6853,1758
5088,566
675,7704
7087,7410
3800,542
5590,1570
3621,5264
7053,2885
1607,2845
3336,7053
9330,5964
5538,4538
6952,6503
8990,8074
6387,7546
5778,4841
3817,8725
8687,7253
689,6619
7548,3730
9524,5626
8768,5498
8438,9534
3499,4822
7327,3502
7897,3543
8398,1571
5723,4541
3100,5216
346,3950
5301,5943
2662,2359
7921,2882
8572,5364
7759,4806
690,3542
4439,1562
764,4377
7748,6387
2692,6073
9458,7558
3336,4319
8057,7017
1294,765
8146,5043
8951,9202
2415,8657
4366,6589
7852,6822
2118,7652
9597,9096
771,1589
8243,8659
6943,3084
2259,4553
1765,2471
6531,3421
7493,6102
9146,4901
7909,762
3978,4140
9161,9463
813,9591
7729,1073
8169,4529
1408,7610
3970,6376
7727,6771
4400,8124
7412,7977
3077,5403
5253,400
2159,9230
8098,7190
7316,8636
3345,395
2693,3800
7860,3280
30,1772
5481,5225
8708,5755
1022,2154
9026,4867
4437,5272
9018,3907
5328,2893
4955,5069
8117,9493
7906,1301
6140,1344
8660,8402
8432,3855
5281,1894
1930,132
5558,3452
1913,7684
896,8899
3397,922
2284,6658
9980,6876
6663,7565
7499,1560
1880,2816
3955,8164
8248,6568
1900,4440
9179,4821
5233,4784
2306,9475
371,5227
6824,4539
4394,4293
3669,7806
3900,6830
174,7966
8590,8198
376,4934
9774,6468
9196,6092
4512,4010
318,431
983,7932
1952,3710
2405,6607
6356,9438
6952,8899
2801,5913
2282,4683
923,9265
1032,4267
3776,768
3836,508
2327,1108
4651,688
3163,5784
734,137
4852,7973
7456,1610
9649,6034
7427,7798
229,1001
6806,873
7805,4263
5249,445
8212,8040
7653,1496
4114,7163
2218,9847
1268,3162
5810,1401
1247,3099
5632,2497
7987,5856
6711,8972
3407,8355
9780,6564
1140,687
8410,9152
5572,1458
8241,746
712,5267
2179,2716
6093,7011
2007,6715
3522,5333
6507,6413
5178,2263
1131,4287
3657,2938
6489,8213
8181,5850
6141,8284
7160,1239
9909,4746
1027,2269
5849,3870
1580,3806
6349,3551
9270,8847
1611,6593
4480,4583
5056,4189
3848,2779
207,9686
3562,1969
8821,2722
8249,5388
2255,4916
9484,5972
8534,7938
4050,1961
7144,1673
4366,5889
2565,7673
3844,9275
8568,4642
6729,8379
3484,5846
9721,5539
5870,0
2530,2865
161,142
8694,4332
7013,8140
6728,207
3275,1991
1946,2911
5464,5518
6970,3276
1741,8183
8360,842
1550,1332
864,2774
4944,2512
7182,7152
3169,3938
2269,4600
4913,7833
9946,7734
5237,51
8409,206
9742,7553
2287,7330
609,274
6589,2393
5018,437
9967,9771
4010,9467
8759,2654
2339,9892
2544,7598
2554,3202
451,2048
6852,874
362,1735
9526,6890
95,5262
8163,9089
2265,929
5092,9719
6654,4852
8791,9758
5404,965
6265,6799
6406,7352
1932,5350
750,9842
3548,6663
84,3053
5539,9165
6386,3604
7567,6570
4922,3519
2619,5332
9692,1676
6188,6237
253,2194
9139,2485
5498,1242
4299,1063
3104,232
258,5764
3793,6212
7871,5118
6022,2823
8612,8324
2176,7653
4788,8244
8967,1549
6320,6077
3376,9861
4807,458
7479,4921
8861,879
635,1195
806,7326
2860,6477
2127,1113
2350,9757
7489,3009
4333,6665
5412,9368
9833,5769
7609,1377
4533,3905
8426,8868
542,8456
1602,6505
2688,3526
260,6461
8778,2185
5373,9940
3658,1168
976,1201
8962,2941
3805,1866
8115,1692
512,8514
2352,1921
8614,8916
7732,2767
9194,7314
4064,2544
5110,2719
7012,3881
5757,4166
5772,5042
8319,6195
6744,5323
1576,1565
2160,7409
6797,7515
4242,7726
8182,9752
4597,6870
8239,5824
8615,2744
9473,604
6071,9340
3783,2949
55,6486
1625,9722
8846,923
2599,2254
9190,8823
481,1287
8021,9759
1297,363
532,1241
7144,7345
9943,5677
3586,1834
4770,7682
231,2648
1673,246
